check1 = [0;0;0;20;0;10] == Vd;
check2 = [0;0;0;21.409;0;6.455];
check3 = [0, 0, 0, 21.409, 0, 6.455];
check4 = [0, 0.171, 0, 0.080, 0, 0.107]
check5 = du_dtheta_s == [du,dtheta]

