-1,0,1.22464679914735e-16,0,1,0,-1.22464679914735e-16,0,-1,0.3334,0,0.7839,0
-1,0,1.22464679914735e-16,0,1,0,-1.22464679914735e-16,0,-1,0.333602666394586,0,0.783737678385735,0
-1,0,1.22464679914735e-16,0,1,0,-1.22464679914735e-16,0,-1,0.334205169540523,0,0.783255115485021,0
-1,0,1.22464679914735e-16,0,1,0,-1.22464679914735e-16,0,-1,0.335199265381084,0,0.78245891421098,0
-1,0,1.22464679914735e-16,0,1,0,-1.22464679914735e-16,0,-1,0.336576709859538,0,0.781355677476737,0
-1,0,1.22464679914735e-16,0,1,0,-1.22464679914735e-16,0,-1,0.338329258919158,0,0.779952008195412,0
-1,0,1.22464679914735e-16,0,1,0,-1.22464679914735e-16,0,-1,0.340448668503214,0,0.778254509280129,0
-1,0,1.22464679914735e-16,0,1,0,-1.22464679914735e-16,0,-1,0.342926694554977,0,0.776269783644011,0
-1,0,1.22464679914735e-16,0,1,0,-1.22464679914735e-16,0,-1,0.345755093017719,0,0.77400443420018,0
-1,0,1.22464679914735e-16,0,1,0,-1.22464679914735e-16,0,-1,0.348925619834711,0,0.771465063861758,0
-1,0,1.22464679914735e-16,0,1,0,-1.22464679914735e-16,0,-1,0.352430030949223,0,0.768658275541869,0
-1,0,1.22464679914735e-16,0,1,0,-1.22464679914735e-16,0,-1,0.356260082304527,0,0.765590672153635,0
-1,0,1.22464679914735e-16,0,1,0,-1.22464679914735e-16,0,-1,0.360407529843893,0,0.762268856610179,0
-1,0,1.22464679914735e-16,0,1,0,-1.22464679914735e-16,0,-1,0.364864129510594,0,0.758699431824623,0
-1,0,1.22464679914735e-16,0,1,0,-1.22464679914735e-16,0,-1,0.3696216372479,0,0.75488900071009,0
-1,0,1.22464679914735e-16,0,1,0,-1.22464679914735e-16,0,-1,0.374671808999082,0,0.750844166179703,0
-1,0,1.22464679914735e-16,0,1,0,-1.22464679914735e-16,0,-1,0.380006400707411,0,0.746571531146585,0
-1,0,1.22464679914735e-16,0,1,0,-1.22464679914735e-16,0,-1,0.385617168316158,0,0.742077698523857,0
-1,0,1.22464679914735e-16,0,1,0,-1.22464679914735e-16,0,-1,0.391495867768595,0,0.737369271224643,0
-1,0,1.22464679914735e-16,0,1,0,-1.22464679914735e-16,0,-1,0.397634255007992,0,0.732452852162066,0
-1,0,1.22464679914735e-16,0,1,0,-1.22464679914735e-16,0,-1,0.404024085977621,0,0.727335044249247,0
-1,0,1.22464679914735e-16,0,1,0,-1.22464679914735e-16,0,-1,0.410657116620753,0,0.72202245039931,0
-1,0,1.22464679914735e-16,0,1,0,-1.22464679914735e-16,0,-1,0.417525102880658,0,0.716521673525377,0
-1,0,1.22464679914735e-16,0,1,0,-1.22464679914735e-16,0,-1,0.424619800700609,0,0.710839316540572,0
-1,0,1.22464679914735e-16,0,1,0,-1.22464679914735e-16,0,-1,0.431932966023875,0,0.704981982358015,0
-1,0,1.22464679914735e-16,0,1,0,-1.22464679914735e-16,0,-1,0.439456354793729,0,0.698956273890832,0
-1,0,1.22464679914735e-16,0,1,0,-1.22464679914735e-16,0,-1,0.44718172295344,0,0.692768794052143,0
-1,0,1.22464679914735e-16,0,1,0,-1.22464679914735e-16,0,-1,0.455100826446281,0,0.686426145755071,0
-1,0,1.22464679914735e-16,0,1,0,-1.22464679914735e-16,0,-1,0.463205421215522,0,0.67993493191274,0
-1,0,1.22464679914735e-16,0,1,0,-1.22464679914735e-16,0,-1,0.471487263204435,0,0.673301755438272,0
-1,0,1.22464679914735e-16,0,1,0,-1.22464679914735e-16,0,-1,0.47993810835629,0,0.666533219244789,0
-1,0,1.22464679914735e-16,0,1,0,-1.22464679914735e-16,0,-1,0.488549712614359,0,0.659635926245415,0
-1,0,1.22464679914735e-16,0,1,0,-1.22464679914735e-16,0,-1,0.497313831921913,0,0.652616479353271,0
-1,0,1.22464679914735e-16,0,1,0,-1.22464679914735e-16,0,-1,0.506222222222222,0,0.645481481481482,0
-1,0,1.22464679914735e-16,0,1,0,-1.22464679914735e-16,0,-1,0.515266639458559,0,0.638237535543168,0
-1,0,1.22464679914735e-16,0,1,0,-1.22464679914735e-16,0,-1,0.524438839574193,0,0.630891244451453,0
-1,0,1.22464679914735e-16,0,1,0,-1.22464679914735e-16,0,-1,0.533730578512397,0,0.623449211119459,0
-1,0,1.22464679914735e-16,0,1,0,-1.22464679914735e-16,0,-1,0.543133612216441,0,0.61591803846031,0
-1,0,1.22464679914735e-16,0,1,0,-1.22464679914735e-16,0,-1,0.552639696629596,0,0.608304329387127,0
-1,0,1.22464679914735e-16,0,1,0,-1.22464679914735e-16,0,-1,0.562240587695133,0,0.600614686813034,0
-1,0,1.22464679914735e-16,0,1,0,-1.22464679914735e-16,0,-1,0.571928041356324,0,0.592855713651153,0
-1,0,1.22464679914735e-16,0,1,0,-1.22464679914735e-16,0,-1,0.58169381355644,0,0.585034012814607,0
-1,0,1.22464679914735e-16,0,1,0,-1.22464679914735e-16,0,-1,0.591529660238751,0,0.577156187216518,0
-1,0,1.22464679914735e-16,0,1,0,-1.22464679914735e-16,0,-1,0.601427337346529,0,0.569228839770009,0
-1,0,1.22464679914735e-16,0,1,0,-1.22464679914735e-16,0,-1,0.611378600823045,0,0.561258573388203,0
-1,0,1.22464679914735e-16,0,1,0,-1.22464679914735e-16,0,-1,0.62137520661157,0,0.553251990984222,0
-1,0,1.22464679914735e-16,0,1,0,-1.22464679914735e-16,0,-1,0.631408910655375,0,0.54521569547119,0
-1,0,1.22464679914735e-16,0,1,0,-1.22464679914735e-16,0,-1,0.641471468897732,0,0.537156289762228,0
-1,0,1.22464679914735e-16,0,1,0,-1.22464679914735e-16,0,-1,0.65155463728191,0,0.529080376770459,0
-1,0,1.22464679914735e-16,0,1,0,-1.22464679914735e-16,0,-1,0.661650171751182,0,0.520994559409007,0
-1,0,1.22464679914735e-16,0,1,0,-1.22464679914735e-16,0,-1,0.671749828248818,0,0.512905440590993,0
-1,0,1.22464679914735e-16,0,1,0,-1.22464679914735e-16,0,-1,0.68184536271809,0,0.50481962322954,0
-1,0,1.22464679914735e-16,0,1,0,-1.22464679914735e-16,0,-1,0.691928531102268,0,0.496743710237772,0
-1,0,1.22464679914735e-16,0,1,0,-1.22464679914735e-16,0,-1,0.701991089344625,0,0.48868430452881,0
-1,0,1.22464679914735e-16,0,1,0,-1.22464679914735e-16,0,-1,0.71202479338843,0,0.480648009015778,0
-1,0,1.22464679914735e-16,0,1,0,-1.22464679914735e-16,0,-1,0.722021399176955,0,0.472641426611797,0
-1,0,1.22464679914735e-16,0,1,0,-1.22464679914735e-16,0,-1,0.731972662653471,0,0.464671160229991,0
-1,0,1.22464679914735e-16,0,1,0,-1.22464679914735e-16,0,-1,0.741870339761249,0,0.456743812783482,0
-1,0,1.22464679914735e-16,0,1,0,-1.22464679914735e-16,0,-1,0.75170618644356,0,0.448865987185393,0
-1,0,1.22464679914735e-16,0,1,0,-1.22464679914735e-16,0,-1,0.761471958643676,0,0.441044286348847,0
-1,0,1.22464679914735e-16,0,1,0,-1.22464679914735e-16,0,-1,0.771159412304867,0,0.433285313186966,0
-1,0,1.22464679914735e-16,0,1,0,-1.22464679914735e-16,0,-1,0.780760303370404,0,0.425595670612873,0
-1,0,1.22464679914735e-16,0,1,0,-1.22464679914735e-16,0,-1,0.790266387783559,0,0.41798196153969,0
-1,0,1.22464679914735e-16,0,1,0,-1.22464679914735e-16,0,-1,0.799669421487603,0,0.410450788880541,0
-1,0,1.22464679914735e-16,0,1,0,-1.22464679914735e-16,0,-1,0.808961160425807,0,0.403008755548547,0
-1,0,1.22464679914735e-16,0,1,0,-1.22464679914735e-16,0,-1,0.818133360541441,0,0.395662464456832,0
-1,0,1.22464679914735e-16,0,1,0,-1.22464679914735e-16,0,-1,0.827177777777778,0,0.388418518518519,0
-1,0,1.22464679914735e-16,0,1,0,-1.22464679914735e-16,0,-1,0.836086168078087,0,0.381283520646728,0
-1,0,1.22464679914735e-16,0,1,0,-1.22464679914735e-16,0,-1,0.844850287385641,0,0.374264073754585,0
-1,0,1.22464679914735e-16,0,1,0,-1.22464679914735e-16,0,-1,0.85346189164371,0,0.36736678075521,0
-1,0,1.22464679914735e-16,0,1,0,-1.22464679914735e-16,0,-1,0.861912736795565,0,0.360598244561728,0
-1,0,1.22464679914735e-16,0,1,0,-1.22464679914735e-16,0,-1,0.870194578784478,0,0.35396506808726,0
-1,0,1.22464679914735e-16,0,1,0,-1.22464679914735e-16,0,-1,0.878299173553719,0,0.347473854244929,0
-1,0,1.22464679914735e-16,0,1,0,-1.22464679914735e-16,0,-1,0.88621827704656,0,0.341131205947857,0
-1,0,1.22464679914735e-16,0,1,0,-1.22464679914735e-16,0,-1,0.893943645206271,0,0.334943726109168,0
-1,0,1.22464679914735e-16,0,1,0,-1.22464679914735e-16,0,-1,0.901467033976125,0,0.328918017641985,0
-1,0,1.22464679914735e-16,0,1,0,-1.22464679914735e-16,0,-1,0.908780199299391,0,0.323060683459428,0
-1,0,1.22464679914735e-16,0,1,0,-1.22464679914735e-16,0,-1,0.915874897119342,0,0.317378326474623,0
-1,0,1.22464679914735e-16,0,1,0,-1.22464679914735e-16,0,-1,0.922742883379247,0,0.31187754960069,0
-1,0,1.22464679914735e-16,0,1,0,-1.22464679914735e-16,0,-1,0.929375914022379,0,0.306564955750753,0
-1,0,1.22464679914735e-16,0,1,0,-1.22464679914735e-16,0,-1,0.935765744992008,0,0.301447147837934,0
-1,0,1.22464679914735e-16,0,1,0,-1.22464679914735e-16,0,-1,0.941904132231405,0,0.296530728775357,0
-1,0,1.22464679914735e-16,0,1,0,-1.22464679914735e-16,0,-1,0.947782831683842,0,0.291822301476143,0
-1,0,1.22464679914735e-16,0,1,0,-1.22464679914735e-16,0,-1,0.953393599292589,0,0.287328468853415,0
-1,0,1.22464679914735e-16,0,1,0,-1.22464679914735e-16,0,-1,0.958728191000918,0,0.283055833820296,0
-1,0,1.22464679914735e-16,0,1,0,-1.22464679914735e-16,0,-1,0.9637783627521,0,0.27901099928991,0
-1,0,1.22464679914735e-16,0,1,0,-1.22464679914735e-16,0,-1,0.968535870489406,0,0.275200568175377,0
-1,0,1.22464679914735e-16,0,1,0,-1.22464679914735e-16,0,-1,0.972992470156107,0,0.271631143389821,0
-1,0,1.22464679914735e-16,0,1,0,-1.22464679914735e-16,0,-1,0.977139917695473,0,0.268309327846365,0
-1,0,1.22464679914735e-16,0,1,0,-1.22464679914735e-16,0,-1,0.980969969050777,0,0.265241724458131,0
-1,0,1.22464679914735e-16,0,1,0,-1.22464679914735e-16,0,-1,0.984474380165289,0,0.262434936138242,0
-1,0,1.22464679914735e-16,0,1,0,-1.22464679914735e-16,0,-1,0.987644906982281,0,0.25989556579982,0
-1,0,1.22464679914735e-16,0,1,0,-1.22464679914735e-16,0,-1,0.990473305445023,0,0.257630216355989,0
-1,0,1.22464679914735e-16,0,1,0,-1.22464679914735e-16,0,-1,0.992951331496786,0,0.255645490719871,0
-1,0,1.22464679914735e-16,0,1,0,-1.22464679914735e-16,0,-1,0.995070741080842,0,0.253947991804588,0
-1,0,1.22464679914735e-16,0,1,0,-1.22464679914735e-16,0,-1,0.996823290140462,0,0.252544322523263,0
-1,0,1.22464679914735e-16,0,1,0,-1.22464679914735e-16,0,-1,0.998200734618916,0,0.25144108578902,0
-1,0,1.22464679914735e-16,0,1,0,-1.22464679914735e-16,0,-1,0.999194830459477,0,0.250644884514979,0
-1,0,1.22464679914735e-16,0,1,0,-1.22464679914735e-16,0,-1,0.999797333605414,0,0.250162321614265,0
-1,0,1.22464679914735e-16,0,1,0,-1.22464679914735e-16,0,-1,1,0,0.25,0
-1,0,1.22464679914735e-16,0,1,0,-1.22464679914735e-16,0,-1,1,0,0.25,0
-1,0,1.22464679914735e-16,0,1,0,-1.22464679914735e-16,0,-1,1,0,0.249923992501281,0
-1,0,1.22464679914735e-16,0,1,0,-1.22464679914735e-16,0,-1,1,0,0.249698031225426,0
-1,0,1.22464679914735e-16,0,1,0,-1.22464679914735e-16,0,-1,1,0,0.249325208002894,0
-1,0,1.22464679914735e-16,0,1,0,-1.22464679914735e-16,0,-1,1,0,0.24880861466414,0
-1,0,1.22464679914735e-16,0,1,0,-1.22464679914735e-16,0,-1,1,0,0.24815134303962,0
-1,0,1.22464679914735e-16,0,1,0,-1.22464679914735e-16,0,-1,1,0,0.247356484959791,0
-1,0,1.22464679914735e-16,0,1,0,-1.22464679914735e-16,0,-1,1,0,0.246427132255109,0
-1,0,1.22464679914735e-16,0,1,0,-1.22464679914735e-16,0,-1,1,0,0.245366376756031,0
-1,0,1.22464679914735e-16,0,1,0,-1.22464679914735e-16,0,-1,1,0,0.244177310293013,0
-1,0,1.22464679914735e-16,0,1,0,-1.22464679914735e-16,0,-1,1,0,0.242863024696511,0
-1,0,1.22464679914735e-16,0,1,0,-1.22464679914735e-16,0,-1,1,0,0.241426611796982,0
-1,0,1.22464679914735e-16,0,1,0,-1.22464679914735e-16,0,-1,1,0,0.239871163424882,0
-1,0,1.22464679914735e-16,0,1,0,-1.22464679914735e-16,0,-1,1,0,0.238199771410668,0
-1,0,1.22464679914735e-16,0,1,0,-1.22464679914735e-16,0,-1,1,0,0.236415527584796,0
-1,0,1.22464679914735e-16,0,1,0,-1.22464679914735e-16,0,-1,1,0,0.234521523777722,0
-1,0,1.22464679914735e-16,0,1,0,-1.22464679914735e-16,0,-1,1,0,0.232520851819903,0
-1,0,1.22464679914735e-16,0,1,0,-1.22464679914735e-16,0,-1,1,0,0.230416603541795,0
-1,0,1.22464679914735e-16,0,1,0,-1.22464679914735e-16,0,-1,1,0,0.228211870773854,0
-1,0,1.22464679914735e-16,0,1,0,-1.22464679914735e-16,0,-1,1,0,0.225909745346538,0
-1,0,1.22464679914735e-16,0,1,0,-1.22464679914735e-16,0,-1,1,0,0.223513319090301,0
-1,0,1.22464679914735e-16,0,1,0,-1.22464679914735e-16,0,-1,1,0,0.221025683835601,0
-1,0,1.22464679914735e-16,0,1,0,-1.22464679914735e-16,0,-1,1,0,0.218449931412894,0
-1,0,1.22464679914735e-16,0,1,0,-1.22464679914735e-16,0,-1,1,0,0.215789153652637,0
-1,0,1.22464679914735e-16,0,1,0,-1.22464679914735e-16,0,-1,1,0,0.213046442385285,0
-1,0,1.22464679914735e-16,0,1,0,-1.22464679914735e-16,0,-1,1,0,0.210224889441296,0
-1,0,1.22464679914735e-16,0,1,0,-1.22464679914735e-16,0,-1,1,0,0.207327586651125,0
-1,0,1.22464679914735e-16,0,1,0,-1.22464679914735e-16,0,-1,1,0,0.204357625845229,0
-1,0,1.22464679914735e-16,0,1,0,-1.22464679914735e-16,0,-1,1,0,0.201318098854065,0
-1,0,1.22464679914735e-16,0,1,0,-1.22464679914735e-16,0,-1,1,0,0.198212097508088,0
-1,0,1.22464679914735e-16,0,1,0,-1.22464679914735e-16,0,-1,1,0,0.195042713637755,0
-1,0,1.22464679914735e-16,0,1,0,-1.22464679914735e-16,0,-1,1,0,0.191813039073523,0
-1,0,1.22464679914735e-16,0,1,0,-1.22464679914735e-16,0,-1,1,0,0.188526165645847,0
-1,0,1.22464679914735e-16,0,1,0,-1.22464679914735e-16,0,-1,1,0,0.185185185185185,0
-1,0,1.22464679914735e-16,0,1,0,-1.22464679914735e-16,0,-1,1,0,0.181793189521993,0
-1,0,1.22464679914735e-16,0,1,0,-1.22464679914735e-16,0,-1,1,0,0.178353270486726,0
-1,0,1.22464679914735e-16,0,1,0,-1.22464679914735e-16,0,-1,1,0,0.174868519909842,0
-1,0,1.22464679914735e-16,0,1,0,-1.22464679914735e-16,0,-1,1,0,0.171342029621797,0
-1,0,1.22464679914735e-16,0,1,0,-1.22464679914735e-16,0,-1,1,0,0.167776891453047,0
-1,0,1.22464679914735e-16,0,1,0,-1.22464679914735e-16,0,-1,1,0,0.164176197234048,0
-1,0,1.22464679914735e-16,0,1,0,-1.22464679914735e-16,0,-1,1,0,0.160543038795258,0
-1,0,1.22464679914735e-16,0,1,0,-1.22464679914735e-16,0,-1,1,0,0.156880507967132,0
-1,0,1.22464679914735e-16,0,1,0,-1.22464679914735e-16,0,-1,1,0,0.153191696580126,0
-1,0,1.22464679914735e-16,0,1,0,-1.22464679914735e-16,0,-1,1,0,0.149479696464698,0
-1,0,1.22464679914735e-16,0,1,0,-1.22464679914735e-16,0,-1,1,0,0.145747599451303,0
-1,0,1.22464679914735e-16,0,1,0,-1.22464679914735e-16,0,-1,1,0,0.141998497370398,0
-1,0,1.22464679914735e-16,0,1,0,-1.22464679914735e-16,0,-1,1,0,0.138235482052439,0
-1,0,1.22464679914735e-16,0,1,0,-1.22464679914735e-16,0,-1,1,0,0.134461645327883,0
-1,0,1.22464679914735e-16,0,1,0,-1.22464679914735e-16,0,-1,1,0,0.130680079027186,0
-1,0,1.22464679914735e-16,0,1,0,-1.22464679914735e-16,0,-1,1,0,0.126893874980805,0
-1,0,1.22464679914735e-16,0,1,0,-1.22464679914735e-16,0,-1,1,0,0.123106125019195,0
-1,0,1.22464679914735e-16,0,1,0,-1.22464679914735e-16,0,-1,1,0,0.119319920972813,0
-1,0,1.22464679914735e-16,0,1,0,-1.22464679914735e-16,0,-1,1,0,0.115538354672116,0
-1,0,1.22464679914735e-16,0,1,0,-1.22464679914735e-16,0,-1,1,0,0.111764517947561,0
-1,0,1.22464679914735e-16,0,1,0,-1.22464679914735e-16,0,-1,1,0,0.108001502629602,0
-1,0,1.22464679914735e-16,0,1,0,-1.22464679914735e-16,0,-1,1,0,0.104252400548697,0
-1,0,1.22464679914735e-16,0,1,0,-1.22464679914735e-16,0,-1,1,0,0.100520303535302,0
-1,0,1.22464679914735e-16,0,1,0,-1.22464679914735e-16,0,-1,1,0,0.0968083034198736,0
-1,0,1.22464679914735e-16,0,1,0,-1.22464679914735e-16,0,-1,1,0,0.0931194920328682,0
-1,0,1.22464679914735e-16,0,1,0,-1.22464679914735e-16,0,-1,1,0,0.089456961204742,0
-1,0,1.22464679914735e-16,0,1,0,-1.22464679914735e-16,0,-1,1,0,0.0858238027659515,0
-1,0,1.22464679914735e-16,0,1,0,-1.22464679914735e-16,0,-1,1,0,0.0822231085469531,0
-1,0,1.22464679914735e-16,0,1,0,-1.22464679914735e-16,0,-1,1,0,0.078657970378203,0
-1,0,1.22464679914735e-16,0,1,0,-1.22464679914735e-16,0,-1,1,0,0.0751314800901577,0
-1,0,1.22464679914735e-16,0,1,0,-1.22464679914735e-16,0,-1,1,0,0.0716467295132737,0
-1,0,1.22464679914735e-16,0,1,0,-1.22464679914735e-16,0,-1,1,0,0.0682068104780073,0
-1,0,1.22464679914735e-16,0,1,0,-1.22464679914735e-16,0,-1,1,0,0.0648148148148148,0
-1,0,1.22464679914735e-16,0,1,0,-1.22464679914735e-16,0,-1,1,0,0.0614738343541527,0
-1,0,1.22464679914735e-16,0,1,0,-1.22464679914735e-16,0,-1,1,0,0.0581869609264773,0
-1,0,1.22464679914735e-16,0,1,0,-1.22464679914735e-16,0,-1,1,0,0.054957286362245,0
-1,0,1.22464679914735e-16,0,1,0,-1.22464679914735e-16,0,-1,1,0,0.0517879024919123,0
-1,0,1.22464679914735e-16,0,1,0,-1.22464679914735e-16,0,-1,1,0,0.0486819011459355,0
-1,0,1.22464679914735e-16,0,1,0,-1.22464679914735e-16,0,-1,1,0,0.0456423741547708,0
-1,0,1.22464679914735e-16,0,1,0,-1.22464679914735e-16,0,-1,1,0,0.0426724133488749,0
-1,0,1.22464679914735e-16,0,1,0,-1.22464679914735e-16,0,-1,1,0,0.0397751105587041,0
-1,0,1.22464679914735e-16,0,1,0,-1.22464679914735e-16,0,-1,1,0,0.0369535576147146,0
-1,0,1.22464679914735e-16,0,1,0,-1.22464679914735e-16,0,-1,1,0,0.034210846347363,0
-1,0,1.22464679914735e-16,0,1,0,-1.22464679914735e-16,0,-1,1,0,0.0315500685871056,0
-1,0,1.22464679914735e-16,0,1,0,-1.22464679914735e-16,0,-1,1,0,0.0289743161643988,0
-1,0,1.22464679914735e-16,0,1,0,-1.22464679914735e-16,0,-1,1,0,0.026486680909699,0
-1,0,1.22464679914735e-16,0,1,0,-1.22464679914735e-16,0,-1,1,0,0.0240902546534625,0
-1,0,1.22464679914735e-16,0,1,0,-1.22464679914735e-16,0,-1,1,0,0.0217881292261458,0
-1,0,1.22464679914735e-16,0,1,0,-1.22464679914735e-16,0,-1,1,0,0.0195833964582051,0
-1,0,1.22464679914735e-16,0,1,0,-1.22464679914735e-16,0,-1,1,0,0.0174791481800971,0
-1,0,1.22464679914735e-16,0,1,0,-1.22464679914735e-16,0,-1,1,0,0.0154784762222778,0
-1,0,1.22464679914735e-16,0,1,0,-1.22464679914735e-16,0,-1,1,0,0.0135844724152039,0
-1,0,1.22464679914735e-16,0,1,0,-1.22464679914735e-16,0,-1,1,0,0.0118002285893317,0
-1,0,1.22464679914735e-16,0,1,0,-1.22464679914735e-16,0,-1,1,0,0.0101288365751175,0
-1,0,1.22464679914735e-16,0,1,0,-1.22464679914735e-16,0,-1,1,0,0.00857338820301784,0
-1,0,1.22464679914735e-16,0,1,0,-1.22464679914735e-16,0,-1,1,0,0.00713697530348889,0
-1,0,1.22464679914735e-16,0,1,0,-1.22464679914735e-16,0,-1,1,0,0.00582268970698718,0
-1,0,1.22464679914735e-16,0,1,0,-1.22464679914735e-16,0,-1,1,0,0.0046336232439691,0
-1,0,1.22464679914735e-16,0,1,0,-1.22464679914735e-16,0,-1,1,0,0.00357286774489096,0
-1,0,1.22464679914735e-16,0,1,0,-1.22464679914735e-16,0,-1,1,0,0.00264351504020932,0
-1,0,1.22464679914735e-16,0,1,0,-1.22464679914735e-16,0,-1,1,0,0.00184865696038022,0
-1,0,1.22464679914735e-16,0,1,0,-1.22464679914735e-16,0,-1,1,0,0.00119138533586027,0
-1,0,1.22464679914735e-16,0,1,0,-1.22464679914735e-16,0,-1,1,0,0.000674791997106072,0
-1,0,1.22464679914735e-16,0,1,0,-1.22464679914735e-16,0,-1,1,0,0.000301968774573613,0
-1,0,1.22464679914735e-16,0,1,0,-1.22464679914735e-16,0,-1,1,0,7.60074987194992e-05,0
-1,0,1.22464679914735e-16,0,1,0,-1.22464679914735e-16,0,-1,1,0,0,0
-1,0,1.22464679914735e-16,0,1,0,-1.22464679914735e-16,0,-1,1,0,0,1
-1,0,1.22464679914735e-16,0,1,0,-1.22464679914735e-16,0,-1,1,0,0,1
-1,0,1.22464679914735e-16,0,1,0,-1.22464679914735e-16,0,-1,1,0,0,1
-1,0,1.22464679914735e-16,0,1,0,-1.22464679914735e-16,0,-1,1,0,0,1
-1,0,1.22464679914735e-16,0,1,0,-1.22464679914735e-16,0,-1,1,0,0,1
-1,0,1.22464679914735e-16,0,1,0,-1.22464679914735e-16,0,-1,1,0,0,1
-1,0,1.22464679914735e-16,0,1,0,-1.22464679914735e-16,0,-1,1,0,0,1
-1,0,1.22464679914735e-16,0,1,0,-1.22464679914735e-16,0,-1,1,0,0,1
-1,0,1.22464679914735e-16,0,1,0,-1.22464679914735e-16,0,-1,1,0,0,1
-1,0,1.22464679914735e-16,0,1,0,-1.22464679914735e-16,0,-1,1,0,0,1
-1,0,1.22464679914735e-16,0,1,0,-1.22464679914735e-16,0,-1,1,0,0,1
-1,0,1.22464679914735e-16,0,1,0,-1.22464679914735e-16,0,-1,1,0,0,1
-1,0,1.22464679914735e-16,0,1,0,-1.22464679914735e-16,0,-1,1,0,0,1
-1,0,1.22464679914735e-16,0,1,0,-1.22464679914735e-16,0,-1,1,0,0,1
-1,0,1.22464679914735e-16,0,1,0,-1.22464679914735e-16,0,-1,1,0,0,1
-1,0,1.22464679914735e-16,0,1,0,-1.22464679914735e-16,0,-1,1,0,0,1
-1,0,1.22464679914735e-16,0,1,0,-1.22464679914735e-16,0,-1,1,0,0,1
-1,0,1.22464679914735e-16,0,1,0,-1.22464679914735e-16,0,-1,1,0,0,1
-1,0,1.22464679914735e-16,0,1,0,-1.22464679914735e-16,0,-1,1,0,0,1
-1,0,1.22464679914735e-16,0,1,0,-1.22464679914735e-16,0,-1,1,0,0,1
-1,0,1.22464679914735e-16,0,1,0,-1.22464679914735e-16,0,-1,1,0,0,1
-1,0,1.22464679914735e-16,0,1,0,-1.22464679914735e-16,0,-1,1,0,0,1
-1,0,1.22464679914735e-16,0,1,0,-1.22464679914735e-16,0,-1,1,0,0,1
-1,0,1.22464679914735e-16,0,1,0,-1.22464679914735e-16,0,-1,1,0,0,1
-1,0,1.22464679914735e-16,0,1,0,-1.22464679914735e-16,0,-1,1,0,0,1
-1,0,1.22464679914735e-16,0,1,0,-1.22464679914735e-16,0,-1,1,0,0,1
-1,0,1.22464679914735e-16,0,1,0,-1.22464679914735e-16,0,-1,1,0,0,1
-1,0,1.22464679914735e-16,0,1,0,-1.22464679914735e-16,0,-1,1,0,0,1
-1,0,1.22464679914735e-16,0,1,0,-1.22464679914735e-16,0,-1,1,0,0,1
-1,0,1.22464679914735e-16,0,1,0,-1.22464679914735e-16,0,-1,1,0,0,1
-1,0,1.22464679914735e-16,0,1,0,-1.22464679914735e-16,0,-1,1,0,0,1
-1,0,1.22464679914735e-16,0,1,0,-1.22464679914735e-16,0,-1,1,0,0,1
-1,0,1.22464679914735e-16,0,1,0,-1.22464679914735e-16,0,-1,1,0,0,1
-1,0,1.22464679914735e-16,0,1,0,-1.22464679914735e-16,0,-1,1,0,0,1
-1,0,1.22464679914735e-16,0,1,0,-1.22464679914735e-16,0,-1,1,0,0,1
-1,0,1.22464679914735e-16,0,1,0,-1.22464679914735e-16,0,-1,1,0,0,1
-1,0,1.22464679914735e-16,0,1,0,-1.22464679914735e-16,0,-1,1,0,0,1
-1,0,1.22464679914735e-16,0,1,0,-1.22464679914735e-16,0,-1,1,0,0,1
-1,0,1.22464679914735e-16,0,1,0,-1.22464679914735e-16,0,-1,1,0,0,1
-1,0,1.22464679914735e-16,0,1,0,-1.22464679914735e-16,0,-1,1,0,0,1
-1,0,1.22464679914735e-16,0,1,0,-1.22464679914735e-16,0,-1,1,0,0,1
-1,0,1.22464679914735e-16,0,1,0,-1.22464679914735e-16,0,-1,1,0,0,1
-1,0,1.22464679914735e-16,0,1,0,-1.22464679914735e-16,0,-1,1,0,0,1
-1,0,1.22464679914735e-16,0,1,0,-1.22464679914735e-16,0,-1,1,0,0,1
-1,0,1.22464679914735e-16,0,1,0,-1.22464679914735e-16,0,-1,1,0,0,1
-1,0,1.22464679914735e-16,0,1,0,-1.22464679914735e-16,0,-1,1,0,0,1
-1,0,1.22464679914735e-16,0,1,0,-1.22464679914735e-16,0,-1,1,0,0,1
-1,0,1.22464679914735e-16,0,1,0,-1.22464679914735e-16,0,-1,1,0,0,1
-1,0,1.22464679914735e-16,0,1,0,-1.22464679914735e-16,0,-1,1,0,0,1
-1,0,1.22464679914735e-16,0,1,0,-1.22464679914735e-16,0,-1,1,0,0,1
-1,0,1.22464679914735e-16,0,1,0,-1.22464679914735e-16,0,-1,1,0,0,1
-1,0,1.22464679914735e-16,0,1,0,-1.22464679914735e-16,0,-1,1,0,0,1
-1,0,1.22464679914735e-16,0,1,0,-1.22464679914735e-16,0,-1,1,0,0,1
-1,0,1.22464679914735e-16,0,1,0,-1.22464679914735e-16,0,-1,1,0,0,1
-1,0,1.22464679914735e-16,0,1,0,-1.22464679914735e-16,0,-1,1,0,0,1
-1,0,1.22464679914735e-16,0,1,0,-1.22464679914735e-16,0,-1,1,0,0,1
-1,0,1.22464679914735e-16,0,1,0,-1.22464679914735e-16,0,-1,1,0,0,1
-1,0,1.22464679914735e-16,0,1,0,-1.22464679914735e-16,0,-1,1,0,0,1
-1,0,1.22464679914735e-16,0,1,0,-1.22464679914735e-16,0,-1,1,0,0,1
-1,0,1.22464679914735e-16,0,1,0,-1.22464679914735e-16,0,-1,1,0,0,1
-1,0,1.22464679914735e-16,0,1,0,-1.22464679914735e-16,0,-1,1,0,0,1
-1,0,1.22464679914735e-16,0,1,0,-1.22464679914735e-16,0,-1,1,0,0,1
-1,0,1.22464679914735e-16,0,1,0,-1.22464679914735e-16,0,-1,1,0,0,1
-1,0,1.22464679914735e-16,0,1,0,-1.22464679914735e-16,0,-1,1,0,0,1
-1,0,1.22464679914735e-16,0,1,0,-1.22464679914735e-16,0,-1,1,0,0,1
-1,0,1.22464679914735e-16,0,1,0,-1.22464679914735e-16,0,-1,1,0,0,1
-1,0,1.22464679914735e-16,0,1,0,-1.22464679914735e-16,0,-1,1,0,0,1
-1,0,1.22464679914735e-16,0,1,0,-1.22464679914735e-16,0,-1,1,0,0,1
-1,0,1.22464679914735e-16,0,1,0,-1.22464679914735e-16,0,-1,1,0,0,1
-1,0,1.22464679914735e-16,0,1,0,-1.22464679914735e-16,0,-1,1,0,0,1
-1,0,1.22464679914735e-16,0,1,0,-1.22464679914735e-16,0,-1,1,0,0,1
-1,0,1.22464679914735e-16,0,1,0,-1.22464679914735e-16,0,-1,1,0,0,1
-1,0,1.22464679914735e-16,0,1,0,-1.22464679914735e-16,0,-1,1,0,0,1
-1,0,1.22464679914735e-16,0,1,0,-1.22464679914735e-16,0,-1,1,0,0,1
-1,0,1.22464679914735e-16,0,1,0,-1.22464679914735e-16,0,-1,1,0,0,1
-1,0,1.22464679914735e-16,0,1,0,-1.22464679914735e-16,0,-1,1,0,0,1
-1,0,1.22464679914735e-16,0,1,0,-1.22464679914735e-16,0,-1,1,0,0,1
-1,0,1.22464679914735e-16,0,1,0,-1.22464679914735e-16,0,-1,1,0,0,1
-1,0,1.22464679914735e-16,0,1,0,-1.22464679914735e-16,0,-1,1,0,0,1
-1,0,1.22464679914735e-16,0,1,0,-1.22464679914735e-16,0,-1,1,0,0,1
-1,0,1.22464679914735e-16,0,1,0,-1.22464679914735e-16,0,-1,1,0,0,1
-1,0,1.22464679914735e-16,0,1,0,-1.22464679914735e-16,0,-1,1,0,0,1
-1,0,1.22464679914735e-16,0,1,0,-1.22464679914735e-16,0,-1,1,0,0,1
-1,0,1.22464679914735e-16,0,1,0,-1.22464679914735e-16,0,-1,1,0,0,1
-1,0,1.22464679914735e-16,0,1,0,-1.22464679914735e-16,0,-1,1,0,0,1
-1,0,1.22464679914735e-16,0,1,0,-1.22464679914735e-16,0,-1,1,0,0,1
-1,0,1.22464679914735e-16,0,1,0,-1.22464679914735e-16,0,-1,1,0,0,1
-1,0,1.22464679914735e-16,0,1,0,-1.22464679914735e-16,0,-1,1,0,0,1
-1,0,1.22464679914735e-16,0,1,0,-1.22464679914735e-16,0,-1,1,0,0,1
-1,0,1.22464679914735e-16,0,1,0,-1.22464679914735e-16,0,-1,1,0,0,1
-1,0,1.22464679914735e-16,0,1,0,-1.22464679914735e-16,0,-1,1,0,0,1
-1,0,1.22464679914735e-16,0,1,0,-1.22464679914735e-16,0,-1,1,0,0,1
-1,0,1.22464679914735e-16,0,1,0,-1.22464679914735e-16,0,-1,1,0,0,1
-1,0,1.22464679914735e-16,0,1,0,-1.22464679914735e-16,0,-1,1,0,0,1
-1,0,1.22464679914735e-16,0,1,0,-1.22464679914735e-16,0,-1,1,0,0,1
-1,0,1.22464679914735e-16,0,1,0,-1.22464679914735e-16,0,-1,1,0,0,1
-1,0,1.22464679914735e-16,0,1,0,-1.22464679914735e-16,0,-1,1,0,0,1
-1,0,1.22464679914735e-16,0,1,0,-1.22464679914735e-16,0,-1,1,0,0,1
-1,0,1.22464679914735e-16,0,1,0,-1.22464679914735e-16,0,-1,1,0,0,1
-1,0,1.22464679914735e-16,0,1,0,-1.22464679914735e-16,0,-1,1,0,0,1
-1,0,1.22464679914735e-16,0,1,0,-1.22464679914735e-16,0,-1,1,0,0,1
-1,0,1.22464679914735e-16,0,1,0,-1.22464679914735e-16,0,-1,1,0,7.60074987194669e-05,1
-1,0,1.22464679914735e-16,0,1,0,-1.22464679914735e-16,0,-1,1,0,0.000301968774573611,1
-1,0,1.22464679914735e-16,0,1,0,-1.22464679914735e-16,0,-1,1,0,0.000674791997106047,1
-1,0,1.22464679914735e-16,0,1,0,-1.22464679914735e-16,0,-1,1,0,0.00119138533586039,1
-1,0,1.22464679914735e-16,0,1,0,-1.22464679914735e-16,0,-1,1,0,0.00184865696038025,1
-1,0,1.22464679914735e-16,0,1,0,-1.22464679914735e-16,0,-1,1,0,0.00264351504020926,1
-1,0,1.22464679914735e-16,0,1,0,-1.22464679914735e-16,0,-1,1,0,0.00357286774489101,1
-1,0,1.22464679914735e-16,0,1,0,-1.22464679914735e-16,0,-1,1,0,0.00463362324396913,1
-1,0,1.22464679914735e-16,0,1,0,-1.22464679914735e-16,0,-1,1,0,0.00582268970698723,1
-1,0,1.22464679914735e-16,0,1,0,-1.22464679914735e-16,0,-1,1,0,0.00713697530348893,1
-1,0,1.22464679914735e-16,0,1,0,-1.22464679914735e-16,0,-1,1,0,0.00857338820301783,1
-1,0,1.22464679914735e-16,0,1,0,-1.22464679914735e-16,0,-1,1,0,0.0101288365751176,1
-1,0,1.22464679914735e-16,0,1,0,-1.22464679914735e-16,0,-1,1,0,0.0118002285893317,1
-1,0,1.22464679914735e-16,0,1,0,-1.22464679914735e-16,0,-1,1,0,0.013584472415204,1
-1,0,1.22464679914735e-16,0,1,0,-1.22464679914735e-16,0,-1,1,0,0.0154784762222779,1
-1,0,1.22464679914735e-16,0,1,0,-1.22464679914735e-16,0,-1,1,0,0.0174791481800971,1
-1,0,1.22464679914735e-16,0,1,0,-1.22464679914735e-16,0,-1,1,0,0.0195833964582052,1
-1,0,1.22464679914735e-16,0,1,0,-1.22464679914735e-16,0,-1,1,0,0.0217881292261458,1
-1,0,1.22464679914735e-16,0,1,0,-1.22464679914735e-16,0,-1,1,0,0.0240902546534625,1
-1,0,1.22464679914735e-16,0,1,0,-1.22464679914735e-16,0,-1,1,0,0.026486680909699,1
-1,0,1.22464679914735e-16,0,1,0,-1.22464679914735e-16,0,-1,1,0,0.0289743161643988,1
-1,0,1.22464679914735e-16,0,1,0,-1.22464679914735e-16,0,-1,1,0,0.0315500685871056,1
-1,0,1.22464679914735e-16,0,1,0,-1.22464679914735e-16,0,-1,1,0,0.034210846347363,1
-1,0,1.22464679914735e-16,0,1,0,-1.22464679914735e-16,0,-1,1,0,0.0369535576147146,1
-1,0,1.22464679914735e-16,0,1,0,-1.22464679914735e-16,0,-1,1,0,0.0397751105587041,1
-1,0,1.22464679914735e-16,0,1,0,-1.22464679914735e-16,0,-1,1,0,0.0426724133488749,1
-1,0,1.22464679914735e-16,0,1,0,-1.22464679914735e-16,0,-1,1,0,0.0456423741547709,1
-1,0,1.22464679914735e-16,0,1,0,-1.22464679914735e-16,0,-1,1,0,0.0486819011459354,1
-1,0,1.22464679914735e-16,0,1,0,-1.22464679914735e-16,0,-1,1,0,0.0517879024919123,1
-1,0,1.22464679914735e-16,0,1,0,-1.22464679914735e-16,0,-1,1,0,0.054957286362245,1
-1,0,1.22464679914735e-16,0,1,0,-1.22464679914735e-16,0,-1,1,0,0.0581869609264773,1
-1,0,1.22464679914735e-16,0,1,0,-1.22464679914735e-16,0,-1,1,0,0.0614738343541527,1
-1,0,1.22464679914735e-16,0,1,0,-1.22464679914735e-16,0,-1,1,0,0.0648148148148148,1
-1,0,1.22464679914735e-16,0,1,0,-1.22464679914735e-16,0,-1,1,0,0.0682068104780073,1
-1,0,1.22464679914735e-16,0,1,0,-1.22464679914735e-16,0,-1,1,0,0.0716467295132737,1
-1,0,1.22464679914735e-16,0,1,0,-1.22464679914735e-16,0,-1,1,0,0.0751314800901578,1
-1,0,1.22464679914735e-16,0,1,0,-1.22464679914735e-16,0,-1,1,0,0.078657970378203,1
-1,0,1.22464679914735e-16,0,1,0,-1.22464679914735e-16,0,-1,1,0,0.0822231085469531,1
-1,0,1.22464679914735e-16,0,1,0,-1.22464679914735e-16,0,-1,1,0,0.0858238027659515,1
-1,0,1.22464679914735e-16,0,1,0,-1.22464679914735e-16,0,-1,1,0,0.0894569612047421,1
-1,0,1.22464679914735e-16,0,1,0,-1.22464679914735e-16,0,-1,1,0,0.0931194920328682,1
-1,0,1.22464679914735e-16,0,1,0,-1.22464679914735e-16,0,-1,1,0,0.0968083034198737,1
-1,0,1.22464679914735e-16,0,1,0,-1.22464679914735e-16,0,-1,1,0,0.100520303535302,1
-1,0,1.22464679914735e-16,0,1,0,-1.22464679914735e-16,0,-1,1,0,0.104252400548697,1
-1,0,1.22464679914735e-16,0,1,0,-1.22464679914735e-16,0,-1,1,0,0.108001502629602,1
-1,0,1.22464679914735e-16,0,1,0,-1.22464679914735e-16,0,-1,1,0,0.111764517947561,1
-1,0,1.22464679914735e-16,0,1,0,-1.22464679914735e-16,0,-1,1,0,0.115538354672117,1
-1,0,1.22464679914735e-16,0,1,0,-1.22464679914735e-16,0,-1,1,0,0.119319920972814,1
-1,0,1.22464679914735e-16,0,1,0,-1.22464679914735e-16,0,-1,1,0,0.123106125019195,1
-1,0,1.22464679914735e-16,0,1,0,-1.22464679914735e-16,0,-1,1,0,0.126893874980805,1
-1,0,1.22464679914735e-16,0,1,0,-1.22464679914735e-16,0,-1,1,0,0.130680079027187,1
-1,0,1.22464679914735e-16,0,1,0,-1.22464679914735e-16,0,-1,1,0,0.134461645327884,1
-1,0,1.22464679914735e-16,0,1,0,-1.22464679914735e-16,0,-1,1,0,0.138235482052439,1
-1,0,1.22464679914735e-16,0,1,0,-1.22464679914735e-16,0,-1,1,0,0.141998497370398,1
-1,0,1.22464679914735e-16,0,1,0,-1.22464679914735e-16,0,-1,1,0,0.145747599451303,1
-1,0,1.22464679914735e-16,0,1,0,-1.22464679914735e-16,0,-1,1,0,0.149479696464698,1
-1,0,1.22464679914735e-16,0,1,0,-1.22464679914735e-16,0,-1,1,0,0.153191696580126,1
-1,0,1.22464679914735e-16,0,1,0,-1.22464679914735e-16,0,-1,1,0,0.156880507967132,1
-1,0,1.22464679914735e-16,0,1,0,-1.22464679914735e-16,0,-1,1,0,0.160543038795258,1
-1,0,1.22464679914735e-16,0,1,0,-1.22464679914735e-16,0,-1,1,0,0.164176197234048,1
-1,0,1.22464679914735e-16,0,1,0,-1.22464679914735e-16,0,-1,1,0,0.167776891453047,1
-1,0,1.22464679914735e-16,0,1,0,-1.22464679914735e-16,0,-1,1,0,0.171342029621797,1
-1,0,1.22464679914735e-16,0,1,0,-1.22464679914735e-16,0,-1,1,0,0.174868519909842,1
-1,0,1.22464679914735e-16,0,1,0,-1.22464679914735e-16,0,-1,1,0,0.178353270486726,1
-1,0,1.22464679914735e-16,0,1,0,-1.22464679914735e-16,0,-1,1,0,0.181793189521993,1
-1,0,1.22464679914735e-16,0,1,0,-1.22464679914735e-16,0,-1,1,0,0.185185185185185,1
-1,0,1.22464679914735e-16,0,1,0,-1.22464679914735e-16,0,-1,1,0,0.188526165645847,1
-1,0,1.22464679914735e-16,0,1,0,-1.22464679914735e-16,0,-1,1,0,0.191813039073523,1
-1,0,1.22464679914735e-16,0,1,0,-1.22464679914735e-16,0,-1,1,0,0.195042713637755,1
-1,0,1.22464679914735e-16,0,1,0,-1.22464679914735e-16,0,-1,1,0,0.198212097508088,1
-1,0,1.22464679914735e-16,0,1,0,-1.22464679914735e-16,0,-1,1,0,0.201318098854065,1
-1,0,1.22464679914735e-16,0,1,0,-1.22464679914735e-16,0,-1,1,0,0.204357625845229,1
-1,0,1.22464679914735e-16,0,1,0,-1.22464679914735e-16,0,-1,1,0,0.207327586651125,1
-1,0,1.22464679914735e-16,0,1,0,-1.22464679914735e-16,0,-1,1,0,0.210224889441296,1
-1,0,1.22464679914735e-16,0,1,0,-1.22464679914735e-16,0,-1,1,0,0.213046442385285,1
-1,0,1.22464679914735e-16,0,1,0,-1.22464679914735e-16,0,-1,1,0,0.215789153652637,1
-1,0,1.22464679914735e-16,0,1,0,-1.22464679914735e-16,0,-1,1,0,0.218449931412894,1
-1,0,1.22464679914735e-16,0,1,0,-1.22464679914735e-16,0,-1,1,0,0.221025683835601,1
-1,0,1.22464679914735e-16,0,1,0,-1.22464679914735e-16,0,-1,1,0,0.223513319090301,1
-1,0,1.22464679914735e-16,0,1,0,-1.22464679914735e-16,0,-1,1,0,0.225909745346538,1
-1,0,1.22464679914735e-16,0,1,0,-1.22464679914735e-16,0,-1,1,0,0.228211870773854,1
-1,0,1.22464679914735e-16,0,1,0,-1.22464679914735e-16,0,-1,1,0,0.230416603541795,1
-1,0,1.22464679914735e-16,0,1,0,-1.22464679914735e-16,0,-1,1,0,0.232520851819903,1
-1,0,1.22464679914735e-16,0,1,0,-1.22464679914735e-16,0,-1,1,0,0.234521523777722,1
-1,0,1.22464679914735e-16,0,1,0,-1.22464679914735e-16,0,-1,1,0,0.236415527584796,1
-1,0,1.22464679914735e-16,0,1,0,-1.22464679914735e-16,0,-1,1,0,0.238199771410668,1
-1,0,1.22464679914735e-16,0,1,0,-1.22464679914735e-16,0,-1,1,0,0.239871163424882,1
-1,0,1.22464679914735e-16,0,1,0,-1.22464679914735e-16,0,-1,1,0,0.241426611796982,1
-1,0,1.22464679914735e-16,0,1,0,-1.22464679914735e-16,0,-1,1,0,0.242863024696511,1
-1,0,1.22464679914735e-16,0,1,0,-1.22464679914735e-16,0,-1,1,0,0.244177310293013,1
-1,0,1.22464679914735e-16,0,1,0,-1.22464679914735e-16,0,-1,1,0,0.245366376756031,1
-1,0,1.22464679914735e-16,0,1,0,-1.22464679914735e-16,0,-1,1,0,0.246427132255109,1
-1,0,1.22464679914735e-16,0,1,0,-1.22464679914735e-16,0,-1,1,0,0.247356484959791,1
-1,0,1.22464679914735e-16,0,1,0,-1.22464679914735e-16,0,-1,1,0,0.24815134303962,1
-1,0,1.22464679914735e-16,0,1,0,-1.22464679914735e-16,0,-1,1,0,0.24880861466414,1
-1,0,1.22464679914735e-16,0,1,0,-1.22464679914735e-16,0,-1,1,0,0.249325208002894,1
-1,0,1.22464679914735e-16,0,1,0,-1.22464679914735e-16,0,-1,1,0,0.249698031225426,1
-1,0,1.22464679914735e-16,0,1,0,-1.22464679914735e-16,0,-1,1,0,0.249923992501281,1
-1,0,1.22464679914735e-16,0,1,0,-1.22464679914735e-16,0,-1,1,0,0.25,1
-1,0,1.22464679914735e-16,0,1,0,-1.22464679914735e-16,0,-1,1,0,0.25,1
-0.999999885963832,0.000477569181036238,1.22464665949333e-16,0.000477569181036238,0.999999885963832,-5.84853568927452e-20,-1.22464679914735e-16,0,-1,0.999999885963832,-0.000477569181036238,0.25,1
-0.999998200078006,0.00189732462928167,1.22464459487864e-16,0.00189732462928167,0.999998200078006,-2.32355253419324e-19,-1.22464679914735e-16,0,-1,0.999998200078006,-0.00189732462928167,0.25,1
-0.999991011878447,0.00423983045886957,1.22463579187306e-16,0.00423983045886957,0.999991011878447,-5.19229480038207e-19,-1.22464679914735e-16,0,-1,0.999991011878447,-0.00423983045886957,0.25,1
-0.999971982317233,0.00748562492672888,1.22461248738183e-16,0.00748562492672888,0.999971982317233,-9.16724660613617e-19,-1.22464679914735e-16,0,-1,0.999971982317233,-0.00748562492672889,0.25,1
-0.999932541369724,0.0116151930627572,1.22456418615171e-16,0.0116151930627572,0.999932541369724,-1.42245090057842e-18,-1.22464679914735e-16,0,-1,0.999932541369724,-0.0116151930627572,0.25,1
-0.999862062189586,0.0166089311512811,1.22447787404935e-16,0.0166089311512811,0.999862062189586,-2.03400743716751e-18,-1.22464679914735e-16,0,-1,0.999862062189586,-0.0166089311512811,0.25,1
-0.999748032003337,0.022447104611832,1.22433822734675e-16,0.022447104611832,0.999748032003337,-2.74897748130059e-18,-1.22464679914735e-16,0,-1,0.999748032003337,-0.022447104611832,0.25,1
-0.99957621995575,0.0291098007374624,1.22412781827262e-16,0.0291098007374624,0.99957621995575,-3.56492242969506e-18,-1.22464679914735e-16,0,-1,0.99957621995575,-0.0291098007374624,0.25,1
-0.999330842124109,0.0365768776622456,1.22382731709652e-16,0.0365768776622456,0.999330842124109,-4.47937561518734e-18,-1.22464679914735e-16,0,-1,0.999330842124109,-0.0365768776622456,0.25,1
-0.998994723914583,0.044827910846112,1.22341569100709e-16,0.044827910846112,0.998994723914583,-5.4898357530154e-18,-1.22464679914735e-16,0,-1,0.998994723914583,-0.044827910846112,0.25,1
-0.998549460039387,0.0538421382845138,1.22287040002755e-16,0.0538421382845138,0.998549460039387,-6.59376023093789e-18,-1.22464679914735e-16,7.70371977754894e-34,-1,0.998549460039387,-0.0538421382845138,0.25,1
-0.997975572250475,0.0635984055722893,1.22216759018379e-16,0.0635984055722893,0.997975572250475,-7.78855838149793e-18,-1.22464679914735e-16,0,-1,0.997975572250475,-0.0635984055722893,0.25,1
-0.997252664975473,0.0740751118751591,1.22128228410338e-16,0.0740751118751591,0.997252664975473,-9.07158486543957e-18,-1.22464679914735e-16,0,-1,0.997252664975473,-0.0740751118751591,0.25,1
-0.996359578965894,0.0852501577881592,1.22018856918039e-16,0.0852501577881592,0.996359578965894,-1.04401332862076e-17,-1.22464679914735e-16,0,-1,0.996359578965894,-0.0852501577881592,0.25,1
-0.9952745430274,0.0971008959876256,1.21885978339135e-16,0.0971008959876256,0.9952745430274,-1.18914301465586e-17,-1.22464679914735e-16,0,-1,0.9952745430274,-0.0971008959876256,0.25,1
-0.993975323858264,0.109604085511717,1.21726869879448e-16,0.109604085511717,0.993975323858264,-1.34226292495398e-17,-1.22464679914735e-16,0,-1,0.993975323858264,-0.109604085511717,0.25,1
-0.99243937397624,0.122735850433556,1.21538770268781e-16,0.122735850433556,0.99243937397624,-1.50308066374083e-17,-1.22464679914735e-16,0,-1,0.99243937397624,-0.122735850433556,0.25,1
-0.990643977666802,0.136471643620557,1.21318897634425e-16,0.136471643620557,0.990643977666802,-1.67129561534293e-17,-1.22464679914735e-16,3.08148791101958e-33,-1,0.990643977666802,-0.136471643620557,0.25,1
-0.988566394838068,0.150786216203155,1.21064467118308e-16,0.150786216203155,0.988566394838068,-1.84659857028734e-17,-1.22464679914735e-16,0,-1,0.988566394838068,-0.150786216203155,0.25,1
-0.986184002620666,0.165653593305675,1.20772708217972e-16,0.165653593305675,0.986184002620666,-2.02867142809052e-17,-1.22464679914735e-16,0,-1,0.986184002620666,-0.165653593305675,0.25,1
-0.983474434505008,0.181047056521376,1.20440881825981e-16,0.181047056521376,0.983474434505008,-2.21718698263954e-17,-1.22464679914735e-16,0,-1,0.983474434505008,-0.181047056521377,0.25,1
-0.980415716764821,0.196939133542631,1.2006629693698e-16,0.196939133542631,0.980415716764821,-2.41180879519836e-17,-1.22464679914735e-16,0,-1,0.980415716764821,-0.196939133542631,0.25,1
-0.976986401874955,0.213301595285709,1.19646326986665e-16,0.213301595285709,0.976986401874955,-2.61219115919668e-17,-1.22464679914735e-16,6.16297582203915e-33,-1,0.976986401874955,-0.213301595285709,0.25,1
-0.973165698594152,0.230105460777783,1.19178425782333e-16,0.230105460777783,0.973165698594152,-2.81797916007838e-17,-1.22464679914735e-16,6.16297582203915e-33,-1,0.973165698594152,-0.230105460777783,0.25,1
-0.968933598350163,0.247321010001586,1.18660142980585e-16,0.247321010001586,0.968933598350163,-3.02880883260333e-17,-1.22464679914735e-16,0,-1,0.968933598350163,-0.247321010001586,0.25,1
-0.964270997535918,0.264917804820826,1.18089139064299e-16,0.264917804820826,0.964270997535918,-3.24430741710968e-17,-1.22464679914735e-16,0,-1,0.964270997535918,-0.264917804820826,0.25,1
-0.959159815301788,0.282864718037156,1.1746319976801e-16,0.282864718037156,0.959159815301788,-3.46409371535922e-17,-1.22464679914735e-16,0,-1,0.959159815301788,-0.282864718037156,0.25,1
-0.953583106410766,0.301129970557555,1.16780249898693e-16,0.301129970557555,0.953583106410766,-3.68777854570647e-17,-1.22464679914735e-16,0,-1,0.953583106410766,-0.301129970557555,0.25,1
-0.947525168710948,0.319681176579556,1.16038366497342e-16,0.319681176579556,0.947525168710948,-3.91496529645814e-17,-1.22464679914735e-16,6.16297582203915e-33,-1,0.947525168710948,-0.319681176579557,0.25,1
-0.940971644773248,0.338485396631418,1.15235791285998e-16,0.338485396631418,0.940971644773248,-4.14525057542789e-17,-1.22464679914735e-16,0,-1,0.940971644773248,-0.338485396631418,0.25,1
-0.933909617242032,0.357509198235292,1.14370942344838e-16,0.357509198235292,0.933909617242032,-4.37822495284587e-17,-1.22464679914735e-16,0,-1,0.933909617242032,-0.357509198235292,0.25,1
-0.926327697452408,0.37671872389426,1.13442424964663e-16,0.37671872389426,0.926327697452408,-4.61347379395981e-17,-1.22464679914735e-16,0,-1,0.926327697452408,-0.37671872389426,0.25,1
-0.918216106880274,0.396079766039157,1.12449041621647e-16,0.396079766039157,0.918216106880274,-4.85057817686886e-17,-1.22464679914735e-16,0,-1,0.918216106880274,-0.396079766039157,0.25,1
