1,0,0,0,1,0,0,0,1,0.3334,0,0.7839,0
0.994202048289903,0,0.107528076222734,0,1,0,-0.107528076222734,0,0.994202048289903,0.364037077252634,0,0.818191344596027,0
0.922429955358955,0,0.386164443542483,0,1,0,-0.386164443542483,0,0.922429955358955,0.462340694082526,0,0.891901285615783,0
0.686241637868734,0,0.727373641573049,0,1,0,-0.727373641573049,0,0.686241637868734,0.632148055716276,0,0.942575839965356,0
0.257778241639871,0,0.96620410790736,0,1,0,-0.96620410790736,0,0.257778241639871,0.838710698667301,0,0.907799730771286,0
-0.25777824163987,0,0.96620410790736,0,1,0,-0.96620410790736,0,-0.25777824163987,1.01054567454444,0,0.77017192755976,0
-0.686241637868734,0,0.727373641573049,0,1,0,-0.727373641573049,0,-0.686241637868734,1.08959673151957,0,0.576191429507239,0
-0.922429955358955,0,0.386164443542484,0,1,0,-0.386164443542484,0,-0.922429955358955,1.07723250232481,0,0.399415932449637,0
-0.994202048289903,0,0.107528076222734,0,1,0,-0.107528076222734,0,-0.994202048289903,1.02677216264268,0,0.287386871014048,0
-1,0,1.22464679914735e-16,0,1,0,-1.22464679914735e-16,0,-1,1,0,0.25,0
-1,0,1.22464679914735e-16,0,1,0,-1.22464679914735e-16,0,-1,1,0,0.25,0
-1,0,1.22464679914735e-16,0,1,0,-1.22464679914735e-16,0,-1,1,0,0.241426611796982,0
-1,0,1.22464679914735e-16,0,1,0,-1.22464679914735e-16,0,-1,1,0,0.218449931412894,0
-1,0,1.22464679914735e-16,0,1,0,-1.22464679914735e-16,0,-1,1,0,0.185185185185185,0
-1,0,1.22464679914735e-16,0,1,0,-1.22464679914735e-16,0,-1,1,0,0.145747599451303,0
-1,0,1.22464679914735e-16,0,1,0,-1.22464679914735e-16,0,-1,1,0,0.104252400548697,0
-1,0,1.22464679914735e-16,0,1,0,-1.22464679914735e-16,0,-1,1,0,0.0648148148148148,0
-1,0,1.22464679914735e-16,0,1,0,-1.22464679914735e-16,0,-1,1,0,0.0315500685871057,0
-1,0,1.22464679914735e-16,0,1,0,-1.22464679914735e-16,0,-1,1,0,0.00857338820301778,0
-1,0,1.22464679914735e-16,0,1,0,-1.22464679914735e-16,0,-1,1,0,0,0
-1,0,1.22464679914735e-16,0,1,0,-1.22464679914735e-16,0,-1,1,0,0,1
-1,0,1.22464679914735e-16,0,1,0,-1.22464679914735e-16,0,-1,1,0,0,1
-1,0,1.22464679914735e-16,0,1,0,-1.22464679914735e-16,0,-1,1,0,0,1
-1,0,1.22464679914735e-16,0,1,0,-1.22464679914735e-16,0,-1,1,0,0,1
-1,0,1.22464679914735e-16,0,1,0,-1.22464679914735e-16,0,-1,1,0,0,1
-1,0,1.22464679914735e-16,0,1,0,-1.22464679914735e-16,0,-1,1,0,0,1
-1,0,1.22464679914735e-16,0,1,0,-1.22464679914735e-16,0,-1,1,0,0,1
-1,0,1.22464679914735e-16,0,1,0,-1.22464679914735e-16,0,-1,1,0,0,1
-1,0,1.22464679914735e-16,0,1,0,-1.22464679914735e-16,0,-1,1,0,0,1
-1,0,1.22464679914735e-16,0,1,0,-1.22464679914735e-16,0,-1,1,0,0,1
-1,0,1.22464679914735e-16,0,1,0,-1.22464679914735e-16,0,-1,1,0,0,1
-1,0,1.22464679914735e-16,0,1,0,-1.22464679914735e-16,0,-1,1,0,0.00857338820301783,1
-1,0,1.22464679914735e-16,0,1,0,-1.22464679914735e-16,0,-1,1,0,0.0315500685871056,1
-1,0,1.22464679914735e-16,0,1,0,-1.22464679914735e-16,0,-1,1,0,0.0648148148148148,1
-1,0,1.22464679914735e-16,0,1,0,-1.22464679914735e-16,0,-1,1,0,0.104252400548697,1
-1,0,1.22464679914735e-16,0,1,0,-1.22464679914735e-16,0,-1,1,0,0.145747599451303,1
-1,0,1.22464679914735e-16,0,1,0,-1.22464679914735e-16,0,-1,1,0,0.185185185185185,1
-1,0,1.22464679914735e-16,0,1,0,-1.22464679914735e-16,0,-1,1,0,0.218449931412894,1
-1,0,1.22464679914735e-16,0,1,0,-1.22464679914735e-16,0,-1,1,0,0.241426611796982,1
-1,0,1.22464679914735e-16,0,1,0,-1.22464679914735e-16,0,-1,1,0,0.25,1
-1,0,1.22464679914735e-16,0,1,0,-1.22464679914735e-16,0,-1,1,0,0.25,1
-0.998549460039387,0.0538421382845138,1.22287040002755e-16,0.0538421382845138,0.998549460039387,-6.59376023093789e-18,-1.22464679914735e-16,7.70371977754894e-34,-1,0.998549460039387,-0.0538421382845138,0.25,1
-0.980415716764821,0.196939133542631,1.2006629693698e-16,0.196939133542631,0.980415716764821,-2.41180879519836e-17,-1.22464679914735e-16,6.16297582203915e-33,-1,0.980415716764821,-0.196939133542631,0.25,1
-0.918216106880274,0.396079766039157,1.12449041621647e-16,0.396079766039157,0.918216106880274,-4.85057817686886e-17,-1.22464679914735e-16,0,-1,0.918216106880274,-0.396079766039157,0.25,1
-0.79302529645651,0.609188705722672,9.71175890948346e-17,0.609188705722672,0.79302529645651,-7.4604099853999e-17,-1.22464679914735e-16,0,-1,0.79302529645651,-0.609188705722672,0.25,1
-0.609188705722672,0.79302529645651,7.4604099853999e-17,0.79302529645651,0.609188705722672,-9.71175890948345e-17,-1.22464679914735e-16,0,-1,0.609188705722672,-0.79302529645651,0.25,1
-0.396079766039157,0.918216106880274,4.85057817686886e-17,0.918216106880274,0.396079766039157,-1.12449041621647e-16,-1.22464679914735e-16,2.46519032881566e-32,-1,0.396079766039157,-0.918216106880274,0.25,1
-0.196939133542632,0.980415716764821,2.41180879519837e-17,0.980415716764821,0.196939133542632,-1.2006629693698e-16,-1.22464679914735e-16,0,-1,0.196939133542631,-0.980415716764821,0.25,1
-0.0538421382845136,0.998549460039387,6.59376023093786e-18,0.998549460039387,0.0538421382845136,-1.22287040002755e-16,-1.22464679914735e-16,0,-1,0.0538421382845132,-0.998549460039387,0.25,1
-1.11022302462516e-16,1,2.46519032881566e-32,1,1.11022302462516e-16,-1.22464679914735e-16,-1.22464679914735e-16,0,-1,-2.22044604925031e-16,-1,0.25,1
-6.12323399573677e-17,1,7.49879891330929e-33,1,6.12323399573677e-17,-1.22464679914735e-16,-1.22464679914735e-16,0,-1,0,-1,0.25,1
-6.12323399573677e-17,1,7.49879891330929e-33,1,6.12323399573677e-17,-1.22464679914735e-16,-1.22464679914735e-16,0,-1,6.42901141401688e-35,-1,0.241426611796982,1
-6.12323399573677e-17,1,7.49879891330929e-33,1,6.12323399573677e-17,-1.22464679914735e-16,-1.22464679914735e-16,0,-1,2.36587620035821e-34,-1,0.218449931412894,1
-6.12323399573677e-17,1,7.49879891330929e-33,1,6.12323399573677e-17,-1.22464679914735e-16,-1.22464679914735e-16,0,-1,4.86033262899676e-34,-1,0.185185185185185,1
-6.12323399573677e-17,1,7.49879891330929e-33,1,6.12323399573677e-17,-1.22464679914735e-16,-1.22464679914735e-16,0,-1,7.81767787944453e-34,-1,0.145747599451303,1
-6.12323399573677e-17,1,7.49879891330929e-33,1,6.12323399573677e-17,-1.22464679914735e-16,-1.22464679914735e-16,0,-1,1.09293194038287e-33,-1,0.104252400548697,1
-6.12323399573677e-17,1,7.49879891330929e-33,1,6.12323399573677e-17,-1.22464679914735e-16,-1.22464679914735e-16,0,-1,1.38866646542765e-33,-1,0.0648148148148148,1
-6.12323399573677e-17,1,7.49879891330929e-33,1,6.12323399573677e-17,-1.22464679914735e-16,-1.22464679914735e-16,0,-1,1.6381121082915e-33,-1,0.0315500685871057,1
-6.12323399573677e-17,1,7.49879891330929e-33,1,6.12323399573677e-17,-1.22464679914735e-16,-1.22464679914735e-16,0,-1,1.81040961418715e-33,-1,0.00857338820301778,1
-6.12323399573677e-17,1,7.49879891330929e-33,1,6.12323399573677e-17,-1.22464679914735e-16,-1.22464679914735e-16,0,-1,1.87469972832732e-33,-1,0,1
-6.12323399573677e-17,1,7.49879891330929e-33,1,6.12323399573677e-17,-1.22464679914735e-16,-1.22464679914735e-16,0,-1,0,-1,0,0
-6.12323399573677e-17,1,7.49879891330929e-33,1,6.12323399573677e-17,-1.22464679914735e-16,-1.22464679914735e-16,0,-1,0,-1,0,0
-6.12323399573677e-17,1,7.49879891330929e-33,1,6.12323399573677e-17,-1.22464679914735e-16,-1.22464679914735e-16,0,-1,0,-1,0,0
-6.12323399573677e-17,1,7.49879891330929e-33,1,6.12323399573677e-17,-1.22464679914735e-16,-1.22464679914735e-16,0,-1,0,-1,0,0
-6.12323399573677e-17,1,7.49879891330929e-33,1,6.12323399573677e-17,-1.22464679914735e-16,-1.22464679914735e-16,0,-1,0,-1,0,0
-6.12323399573677e-17,1,7.49879891330929e-33,1,6.12323399573677e-17,-1.22464679914735e-16,-1.22464679914735e-16,0,-1,0,-1,0,0
-6.12323399573677e-17,1,7.49879891330929e-33,1,6.12323399573677e-17,-1.22464679914735e-16,-1.22464679914735e-16,0,-1,0,-1,0,0
-6.12323399573677e-17,1,7.49879891330929e-33,1,6.12323399573677e-17,-1.22464679914735e-16,-1.22464679914735e-16,0,-1,0,-1,0,0
-6.12323399573677e-17,1,7.49879891330929e-33,1,6.12323399573677e-17,-1.22464679914735e-16,-1.22464679914735e-16,0,-1,0,-1,0,0
-6.12323399573677e-17,1,7.49879891330929e-33,1,6.12323399573677e-17,-1.22464679914735e-16,-1.22464679914735e-16,0,-1,0,-1,0,0
-6.12323399573677e-17,1,7.49879891330929e-33,1,6.12323399573677e-17,-1.22464679914735e-16,-1.22464679914735e-16,0,-1,0,-1,0,0
-6.12323399573677e-17,1,7.49879891330929e-33,1,6.12323399573677e-17,-1.22464679914735e-16,-1.22464679914735e-16,0,-1,-6.42901141401688e-35,-1,0.00857338820301783,0
-6.12323399573677e-17,1,7.49879891330929e-33,1,6.12323399573677e-17,-1.22464679914735e-16,-1.22464679914735e-16,0,-1,-2.36587620035821e-34,-1,0.0315500685871056,0
-6.12323399573677e-17,1,7.49879891330929e-33,1,6.12323399573677e-17,-1.22464679914735e-16,-1.22464679914735e-16,0,-1,-4.86033262899676e-34,-1,0.0648148148148148,0
-6.12323399573677e-17,1,7.49879891330929e-33,1,6.12323399573677e-17,-1.22464679914735e-16,-1.22464679914735e-16,0,-1,-7.81767787944453e-34,-1,0.104252400548697,0
-6.12323399573677e-17,1,7.49879891330929e-33,1,6.12323399573677e-17,-1.22464679914735e-16,-1.22464679914735e-16,0,-1,-1.09293194038287e-33,-1,0.145747599451303,0
-6.12323399573677e-17,1,7.49879891330929e-33,1,6.12323399573677e-17,-1.22464679914735e-16,-1.22464679914735e-16,0,-1,-1.38866646542765e-33,-1,0.185185185185185,0
-6.12323399573677e-17,1,7.49879891330929e-33,1,6.12323399573677e-17,-1.22464679914735e-16,-1.22464679914735e-16,0,-1,-1.6381121082915e-33,-1,0.218449931412894,0
-6.12323399573677e-17,1,7.49879891330929e-33,1,6.12323399573677e-17,-1.22464679914735e-16,-1.22464679914735e-16,0,-1,-1.81040961418715e-33,-1,0.241426611796982,0
-6.12323399573677e-17,1,7.49879891330929e-33,1,6.12323399573677e-17,-1.22464679914735e-16,-1.22464679914735e-16,0,-1,-1.87469972832732e-33,-1,0.25,0
