6.12323399573677e-17,0,1,0,1,0,-1,0,6.12323399573677e-17,0.3334,0,0.7839,0
-4.71867687799423e-06,0,0.999999999988867,0,1,0,-0.999999999988867,0,-4.71867687799423e-06,0.3334020024684,0,0.783898396162798,0
-1.88621033658619e-05,0,0.999999999822111,0,1,0,-0.999999999822111,0,-1.88621033658619e-05,0.333408004524769,0,0.783893588935233,0
-4.24113732362549e-05,0,0.999999999100638,0,1,0,-0.999999999100638,0,-4.24113732362549e-05,0.333417998145861,0,0.783885584743361,0
-7.53475802348085e-05,0,0.999999997161371,0,1,0,-0.999999997161371,0,-7.53475802348085e-05,0.333431975308431,0,0.783874390013244,0
-0.000117651818049084,0,0.999999993079025,0,1,0,-0.999999993079025,0,-0.000117651818049084,0.333449927989234,0,0.783860011170939,0
-0.000169305180265469,0,0.999999985667878,0,1,0,-0.999999985667878,0,-0.000169305180265469,0.333471848165022,0,0.783842454642506,0
-0.000230288760314138,0,0.999999973483543,0,1,0,-0.999999973483543,0,-0.000230288760314138,0.333497727812552,0,0.783821726854003,0
-0.000300583651402262,0,0.999999954824733,0,1,0,-0.999999954824733,0,-0.000300583651402262,0.333527558908577,0,0.78379783423149,0
-0.000380170946435623,0,0.999999927735023,0,1,0,-0.999999927735023,0,-0.000380170946435623,0.333561333429851,0,0.783770783201024,0
-0.000469031737928813,0,0.999999890004608,0,1,0,-0.999999890004608,0,-0.000469031737928813,0.333599043353128,0,0.783740580188666,0
-0.00056714711790419,0,0.99999983917206,0,1,0,-0.99999983917206,0,-0.00056714711790419,0.333640680655164,0,0.783707231620474,0
-0.000674498177779751,0,0.999999772526078,0,1,0,-0.999999772526078,0,-0.000674498177779751,0.333686237312712,0,0.783670743922507,0
-0.000791066008246094,0,0.999999687107236,0,1,0,-0.999999687107236,0,-0.000791066008246094,0.333735705302527,0,0.783631123520823,0
-0.000916831699132646,0,0.999999579709729,0,1,0,-0.999999579709729,0,-0.000916831699132646,0.333789076601363,0,0.783588376841482,0
-0.0010517763392633,0,0.999999446883113,0,1,0,-0.999999446883113,0,-0.0010517763392633,0.333846343185975,0,0.783542510310543,0
-0.00119588101630167,0,0.999999284934042,0,1,0,-0.999999284934042,0,-0.00119588101630167,0.333907497033116,0,0.783493530354065,0
-0.00134912681658605,0,0.999999089928002,0,1,0,-0.999999089928002,0,-0.00134912681658605,0.333972530119541,0,0.783441443398106,0
-0.00151149482495433,0,0.999998857691045,0,1,0,-0.999998857691045,0,-0.00151149482495433,0.334041434422004,0,0.783386255868725,0
-0.001682966124559,0,0.999998583811509,0,1,0,-0.999998583811509,0,-0.001682966124559,0.33411420191726,0,0.783327974191981,0
-0.00186352179667237,0,0.999998263641749,0,1,0,-0.999998263641749,0,-0.00186352179667237,0.334190824582063,0,0.783266604793934,0
-0.00205314292048216,0,0.999997892299853,0,1,0,-0.999997892299853,0,-0.00205314292048216,0.334271294393168,0,0.783202154100642,0
-0.00225181057287776,0,0.999997464671358,0,1,0,-0.999997464671358,0,-0.00225181057287776,0.334355603327328,0,0.783134628538164,0
-0.00245950582822707,0,0.999996975410966,0,1,0,-0.999996975410966,0,-0.00245950582822707,0.334443743361298,0,0.783064034532558,0
-0.00267620975814436,0,0.999996418944253,0,1,0,-0.999996418944253,0,-0.00267620975814436,0.334535706471832,0,0.782990378509885,0
-0.00290190343124905,0,0.999995789469374,0,1,0,-0.999995789469374,0,-0.00290190343124905,0.334631484635685,0,0.782913666896202,0
-0.00313656791291576,0,0.999995080958765,0,1,0,-0.999995080958765,0,-0.00313656791291576,0.33473106982961,0,0.782833906117568,0
-0.00338018426501565,0,0.999994287160849,0,1,0,-0.999994287160849,0,-0.00338018426501565,0.334834454030363,0,0.782751102600043,0
-0.00363273354564934,0,0.999993401601724,0,1,0,-0.999993401601724,0,-0.00363273354564934,0.334941629214698,0,0.782665262769686,0
-0.00389419680887139,0,0.99999241758686,0,1,0,-0.99999241758686,0,-0.00389419680887139,0.335052587359369,0,0.782576393052555,0
-0.00416455510440668,0,0.999991328202791,0,1,0,-0.999991328202791,0,-0.00416455510440668,0.335167320441129,0,0.782484499874709,0
-0.00444378947735871,0,0.999990126318796,0,1,0,-0.999990126318796,0,-0.00444378947735871,0.335285820436735,0,0.782389589662207,0
-0.00473188096790998,0,0.999988804588584,0,1,0,-0.999988804588584,0,-0.00473188096790998,0.335408079322939,0,0.782291668841109,0
-0.00502881061101469,0,0.999987355451977,0,1,0,-0.999987355451977,0,-0.00502881061101469,0.335534089076496,0,0.782190743837472,0
-0.00533455943608385,0,0.999985771136581,0,1,0,-0.999985771136581,0,-0.00533455943608385,0.335663841674161,0,0.782086821077356,0
-0.0056491084666629,0,0.999984043659464,0,1,0,-0.999984043659464,0,-0.0056491084666629,0.335797329092688,0,0.781979906986819,0
-0.00597243872010207,0,0.999982164828821,0,1,0,-0.999982164828821,0,-0.00597243872010207,0.335934543308831,0,0.781870007991922,0
-0.00630453120721964,0,0.999980126245646,0,1,0,-0.999980126245646,0,-0.00630453120721964,0.336075476299345,0,0.781757130518722,0
-0.00664536693195808,0,0.999977919305391,0,1,0,-0.999977919305391,0,-0.00664536693195808,0.336220120040983,0,0.781641280993278,0
-0.00699492689103348,0,0.999975535199631,0,1,0,-0.999975535199631,0,-0.00699492689103348,0.3363684665105,0,0.78152246584165,0
-0.00735319207357818,0,0.999972964917717,0,1,0,-0.999972964917717,0,-0.00735319207357818,0.336520507684651,0,0.781400691489896,0
-0.00772014346077682,0,0.99997019924843,0,1,0,-0.99997019924843,0,-0.00772014346077682,0.33667623554019,0,0.781275964364075,0
-0.00809576202549606,0,0.999967228781637,0,1,0,-0.999967228781637,0,-0.00809576202549606,0.336835642053871,0,0.781148290890246,0
-0.00848002873190793,0,0.999964043909933,0,1,0,-0.999964043909933,0,-0.00848002873190793,0.336998719202448,0,0.781017677494469,0
-0.00887292453510706,0,0.999960634830289,0,1,0,-0.999960634830289,0,-0.00887292453510706,0.337165458962677,0,0.780884130602801,0
-0.00927443038072195,0,0.999956991545693,0,1,0,-0.999956991545693,0,-0.00927443038072195,0.33733585331131,0,0.780747656641302,0
-0.00968452720452031,0,0.999953103866789,0,1,0,-0.999953103866789,0,-0.00968452720452031,0.337509894225103,0,0.78060826203603,0
-0.0101031959320087,0,0.999948961413511,0,1,0,-0.999948961413511,0,-0.0101031959320087,0.337687573680809,0,0.780465953213045,0
-0.0105304174780267,0,0.999944553616719,0,1,0,-0.999944553616719,0,-0.0105304174780267,0.337868883655183,0,0.780320736598406,0
-0.0109661727463355,0,0.999939869719824,0,1,0,-0.999939869719824,0,-0.0109661727463355,0.33805381612498,0,0.780172618618171,0
-0.0114104426292008,0,0.999934898780418,0,1,0,-0.999934898780418,0,-0.0114104426292008,0.338242363066954,0,0.7800216056984,0
-0.0118632080069717,0,0.9999296296719,0,1,0,-0.9999296296719,0,-0.0118632080069717,0.338434516457859,0,0.77986770426515,0
-0.0123244497476532,0,0.99992405108509,0,1,0,-0.99992405108509,0,-0.0123244497476532,0.338630268274449,0,0.779710920744482,0
-0.0127941487064746,0,0.999918151529852,0,1,0,-0.999918151529852,0,-0.0127941487064746,0.338829610493479,0,0.779551261562454,0
-0.0132722857254526,0,0.999911919336709,0,1,0,-0.999911919336709,0,-0.0132722857254526,0.339032535091702,0,0.779388733145125,0
-0.0137588416329506,0,0.999905342658454,0,1,0,-0.999905342658454,0,-0.0137588416329506,0.339239034045875,0,0.779223341918553,0
-0.0142537972432324,0,0.999898409471757,0,1,0,-0.999898409471757,0,-0.0142537972432324,0.339449099332749,0,0.779055094308799,0
-0.0147571333560122,0,0.999891107578777,0,1,0,-0.999891107578777,0,-0.0147571333560122,0.339662722929081,0,0.77888399674192,0
-0.0152688307560003,0,0.999883424608761,0,1,0,-0.999883424608761,0,-0.0152688307560003,0.339879896811624,0,0.778710055643975,0
-0.0157888702124446,0,0.999875348019649,0,1,0,-0.999875348019649,0,-0.0157888702124446,0.340100612957133,0,0.778533277441024,0
-0.0163172324786679,0,0.999866865099668,0,1,0,-0.999866865099668,0,-0.0163172324786679,0.340324863342362,0,0.778353668559125,0
-0.0168538982916014,0,0.999857962968929,0,1,0,-0.999857962968929,0,-0.0168538982916014,0.340552639944065,0,0.778171235424338,0
-0.0173988483713149,0,0.999848628581023,0,1,0,-0.999848628581023,0,-0.0173988483713149,0.340783934738997,0,0.777985984462721,0
-0.0179520634205427,0,0.999838848724606,0,1,0,-0.999838848724606,0,-0.0179520634205427,0.341018739703911,0,0.777797922100333,0
-0.0185135241242064,0,0.999828610024989,0,1,0,-0.999828610024989,0,-0.0185135241242064,0.341257046815563,0,0.777607054763233,0
-0.0190832111489346,0,0.999817898945726,0,1,0,-0.999817898945726,0,-0.0190832111489346,0.341498848050707,0,0.777413388877479,0
-0.0196611051425782,0,0.999806701790187,0,1,0,-0.999806701790187,0,-0.0196611051425782,0.341744135386096,0,0.777216930869132,0
-0.0202471867337245,0,0.999795004703149,0,1,0,-0.999795004703149,0,-0.0202471867337245,0.341992900798486,0,0.777017687164249,0
-0.0208414365312061,0,0.999782793672363,0,1,0,-0.999782793672363,0,-0.0208414365312061,0.34224513626463,0,0.77681566418889,0
-0.0214438351236088,0,0.999770054530136,0,1,0,-0.999770054530136,0,-0.0214438351236088,0.342500833761283,0,0.776610868369113,0
-0.0220543630787755,0,0.999756772954897,0,1,0,-0.999756772954897,0,-0.0220543630787755,0.3427599852652,0,0.776403306130978,0
-0.0226730009433079,0,0.99974293447277,0,1,0,-0.99974293447277,0,-0.0226730009433079,0.343022582753134,0,0.776192983900543,0
-0.0232997292420659,0,0.999728524459139,0,1,0,-0.999728524459139,0,-0.0232997292420659,0.343288618201839,0,0.775979908103867,0
-0.0239345284776642,0,0.999713528140213,0,1,0,-0.999713528140213,0,-0.0239345284776642,0.343558083588071,0,0.77576408516701,0
-0.0245773791299669,0,0.999697930594588,0,1,0,-0.999697930594588,0,-0.0245773791299669,0.343830970888584,0,0.775545521516029,0
-0.0252282616555795,0,0.999681716754807,0,1,0,-0.999681716754807,0,-0.0252282616555795,0.344107272080131,0,0.775324223576984,0
-0.0258871564873394,0,0.999664871408914,0,1,0,-0.999664871408914,0,-0.0258871564873394,0.344386979139468,0,0.775100197775935,0
-0.0265540440338043,0,0.999647379202012,0,1,0,-0.999647379202012,0,-0.0265540440338043,0.344670084043348,0,0.774873450538939,0
-0.0272289046787382,0,0.999629224637813,0,1,0,-0.999629224637813,0,-0.0272289046787382,0.344956578768526,0,0.774643988292055,0
-0.0279117187805966,0,0.999610392080191,0,1,0,-0.999610392080191,0,-0.0279117187805966,0.345246455291756,0,0.774411817461343,0
-0.0286024666720095,0,0.999590865754723,0,1,0,-0.999590865754723,0,-0.0286024666720095,0.345539705589792,0,0.774176944472862,0
-0.0293011286592629,0,0.999570629750241,0,1,0,-0.999570629750241,0,-0.0293011286592629,0.34583632163939,0,0.77393937575267,0
-0.0300076850217795,0,0.999549668020371,0,1,0,-0.999549668020371,0,-0.0300076850217795,0.346136295417302,0,0.773699117726826,0
-0.0307221160115971,0,0.999527964385074,0,1,0,-0.999527964385074,0,-0.0307221160115971,0.346439618900284,0,0.77345617682139,0
-0.0314444018528469,0,0.999505502532186,0,1,0,-0.999505502532186,0,-0.0314444018528469,0.346746284065089,0,0.773210559462419,0
-0.0321745227412302,0,0.99948226601895,0,1,0,-0.99948226601895,0,-0.0321745227412302,0.347056282888473,0,0.772962272075974,0
-0.0329124588434941,0,0.999458238273554,0,1,0,-0.999458238273554,0,-0.0329124588434941,0.347369607347189,0,0.772711321088112,0
-0.0336581902969068,0,0.99943340259666,0,1,0,-0.99943340259666,0,-0.0336581902969068,0.347686249417992,0,0.772457712924894,0
-0.0344116972087316,0,0.999407742162934,0,1,0,-0.999407742162934,0,-0.0344116972087316,0.348006201077636,0,0.772201454012377,0
-0.0351729596557006,0,0.999381240022574,0,1,0,-0.999381240022574,0,-0.0351729596557006,0.348329454302875,0,0.77194255077662,0
-0.0359419576834882,0,0.999353879102832,0,1,0,-0.999353879102832,0,-0.0359419576834882,0.348656001070464,0,0.771681009643683,0
-0.0367186713061833,0,0.999325642209539,0,1,0,-0.999325642209539,0,-0.0367186713061833,0.348985833357157,0,0.771416837039625,0
-0.0375030805057623,0,0.999296512028626,0,1,0,-0.999296512028626,0,-0.0375030805057623,0.349318943139709,0,0.771150039390503,0
-0.0382951652315609,0,0.99926647112764,0,1,0,-0.99926647112764,0,-0.0382951652315609,0.349655322394873,0,0.770880623122378,0
-0.0390949053997463,0,0.999235501957264,0,1,0,-0.999235501957264,0,-0.0390949053997463,0.349994963099404,0,0.770608594661309,0
-0.0399022808927895,0,0.999203586852826,0,1,0,-0.999203586852826,0,-0.0399022808927895,0.350337857230056,0,0.770333960433353,0
-0.0407172715589374,0,0.999170708035817,0,1,0,-0.999170708035817,0,-0.0407172715589374,0.350683996763584,0,0.77005672686457,0
-0.0415398572116853,0,0.999136847615397,0,1,0,-0.999136847615397,0,-0.0415398572116853,0.351033373676743,0,0.769776900381019,0
-0.0423700176292495,0,0.999101987589904,0,1,0,-0.999101987589904,0,-0.0423700176292495,0.351385979946285,0,0.769494487408759,0
-0.0432077325540407,0,0.999066109848362,0,1,0,-0.999066109848362,0,-0.0432077325540407,0.351741807548966,0,0.769209494373848,0
-0.0440529816921373,0,0.99902919617198,0,1,0,-0.99902919617198,0,-0.0440529816921373,0.35210084846154,0,0.768921927702346,0
-0.0449057447127598,0,0.99899122823566,0,1,0,-0.99899122823566,0,-0.0449057447127598,0.352463094660761,0,0.768631793820311,0
-0.0457660012477458,0,0.998952187609493,0,1,0,-0.998952187609493,0,-0.0457660012477458,0.352828538123384,0,0.768339099153803,0
-0.0466337308910255,0,0.998912055760257,0,1,0,-0.998912055760257,0,-0.0466337308910255,0.353197170826163,0,0.76804385012888,0
-0.0475089131980985,0,0.998870814052916,0,1,0,-0.998870814052916,0,-0.0475089131980985,0.353568984745852,0,0.767746053171601,0
-0.0483915276855113,0,0.99882844375211,0,1,0,-0.99882844375211,0,-0.0483915276855113,0.353943971859206,0,0.767445714708026,0
-0.049281553830336,0,0.99878492602365,0,1,0,-0.99878492602365,0,-0.049281553830336,0.354322124142979,0,0.767142841164212,0
-0.0501789710696499,0,0.998740241936006,0,1,0,-0.998740241936006,0,-0.0501789710696499,0.354703433573924,0,0.766837438966219,0
-0.0510837588000169,0,0.998694372461797,0,1,0,-0.998694372461797,0,-0.0510837588000169,0.355087892128798,0,0.766529514540106,0
-0.0519958963769699,0,0.998647298479276,0,1,0,-0.998647298479276,0,-0.0519958963769699,0.355475491784353,0,0.766219074311932,0
-0.0529153631144942,0,0.998599000773815,0,1,0,-0.998599000773815,0,-0.0529153631144942,0.355866224517345,0,0.765906124707755,0
-0.0538421382845137,0,0.998549460039387,0,1,0,-0.998549460039387,0,-0.0538421382845137,0.356260082304527,0,0.765590672153635,0
-0.0547762011163773,0,0.998498656880047,0,1,0,-0.998498656880047,0,-0.0547762011163773,0.356657057122654,0,0.76527272307563,0
-0.0557175307963481,0,0.99844657181141,0,1,0,-0.99844657181141,0,-0.0557175307963481,0.35705714094848,0,0.7649522838998,0
-0.0566661064670935,0,0.998393185262129,0,1,0,-0.998393185262129,0,-0.0566661064670935,0.357460325758759,0,0.764629361052203,0
-0.0576219072271781,0,0.998338477575367,0,1,0,-0.998338477575367,0,-0.0576219072271781,0.357866603530247,0,0.764303960958898,0
-0.0585849121305578,0,0.998282429010275,0,1,0,-0.998282429010275,0,-0.0585849121305578,0.358275966239696,0,0.763976090045944,0
-0.0595551001860768,0,0.998225019743458,0,1,0,-0.998225019743458,0,-0.0595551001860768,0.358688405863862,0,0.7636457547394,0
-0.0605324503569654,0,0.998166229870447,0,1,0,-0.998166229870447,0,-0.0605324503569654,0.359103914379499,0,0.763312961465325,0
-0.0615169415603419,0,0.998106039407167,0,1,0,-0.998106039407167,0,-0.0615169415603419,0.359522483763361,0,0.762977716649777,0
-0.0625085526667149,0,0.998044428291402,0,1,0,-0.998044428291402,0,-0.0625085526667149,0.359944105992203,0,0.762640026718816,0
-0.0635072624994897,0,0.997981376384259,0,1,0,-0.997981376384259,0,-0.0635072624994897,0.360368773042778,0,0.762299898098501,0
-0.0645130498344757,0,0.997916863471629,0,1,0,-0.997916863471629,0,-0.0645130498344757,0.360796476891841,0,0.76195733721489,0
-0.0655258933993977,0,0.997850869265649,0,1,0,-0.997850869265649,0,-0.0655258933993977,0.361227209516147,0,0.761612350494043,0
-0.066545771873409,0,0.997783373406158,0,1,0,-0.997783373406158,0,-0.066545771873409,0.36166096289245,0,0.761264944362018,0
-0.0675726638866072,0,0.997714355462157,0,1,0,-0.997714355462157,0,-0.0675726638866072,0.362097728997503,0,0.760915125244874,0
-0.0686065480195536,0,0.997643794933262,0,1,0,-0.997643794933262,0,-0.0686065480195536,0.362537499808062,0,0.76056289956867,0
-0.0696474028027947,0,0.997571671251156,0,1,0,-0.997571671251156,0,-0.0696474028027947,0.362980267300881,0,0.760208273759465,0
-0.0706952067163869,0,0.997497963781043,0,1,0,-0.997497963781043,0,-0.0706952067163869,0.363426023452714,0,0.759851254243319,0
-0.0717499381894247,0,0.997422651823094,0,1,0,-0.997422651823094,0,-0.0717499381894247,0.363874760240315,0,0.759491847446288,0
-0.072811575599571,0,0.997345714613899,0,1,0,-0.997345714613899,0,-0.072811575599571,0.364326469640439,0,0.759130059794434,0
-0.0738800972725921,0,0.997267131327907,0,1,0,-0.997267131327907,0,-0.0738800972725921,0.36478114362984,0,0.758765897713814,0
-0.0749554814818945,0,0.997186881078877,0,1,0,-0.997186881078877,0,-0.0749554814818945,0.365238774185272,0,0.758399367630488,0
-0.0760377064480661,0,0.997104942921314,0,1,0,-0.997104942921314,0,-0.0760377064480661,0.36569935328349,0,0.758030475970514,0
-0.07712675033842,0,0.997021295851917,0,1,0,-0.997021295851917,0,-0.07712675033842,0.366162872901248,0,0.757659229159952,0
-0.0782225912665431,0,0.996935918811007,0,1,0,-0.996935918811007,0,-0.0782225912665431,0.3666293250153,0,0.757285633624859,0
-0.0793252072918465,0,0.996848790683976,0,1,0,-0.996848790683976,0,-0.0793252072918465,0.367098701602401,0,0.756909695791296,0
-0.0804345764191213,0,0.996759890302713,0,1,0,-0.996759890302713,0,-0.0804345764191213,0.367570994639305,0,0.756531422085321,0
-0.0815506765980969,0,0.996669196447042,0,1,0,-0.996669196447042,0,-0.0815506765980969,0.368046196102766,0,0.756150818932993,0
-0.0826734857230038,0,0.996576687846153,0,1,0,-0.996576687846153,0,-0.0826734857230038,0.368524297969539,0,0.755767892760371,0
-0.0838029816321401,0,0.99648234318003,0,1,0,-0.99648234318003,0,-0.0838029816321401,0.369005292216378,0,0.755382649993513,0
-0.0849391421074415,0,0.996386141080882,0,1,0,-0.996386141080882,0,-0.0849391421074415,0.369489170820037,0,0.754995097058479,0
-0.0860819448740561,0,0.996288060134568,0,1,0,-0.996288060134568,0,-0.0860819448740561,0.36997592575727,0,0.754605240381328,0
-0.087231367599923,0,0.996188078882019,0,1,0,-0.996188078882019,0,-0.087231367599923,0.370465549004833,0,0.754213086388118,0
-0.0883873878953546,0,0.996086175820665,0,1,0,-0.996086175820665,0,-0.0883873878953546,0.370958032539479,0,0.753818641504909,0
-0.0895499833126236,0,0.995982329405853,0,1,0,-0.995982329405853,0,-0.0895499833126236,0.371453368337962,0,0.753421912157759,0
-0.0907191313455545,0,0.995876518052267,0,1,0,-0.995876518052267,0,-0.0907191313455545,0.371951548377038,0,0.753022904772727,0
-0.0918948094291186,0,0.995768720135346,0,1,0,-0.995768720135346,0,-0.0918948094291186,0.372452564633459,0,0.752621625775872,0
-0.0930769949390346,0,0.995658913992698,0,1,0,-0.995658913992698,0,-0.0930769949390346,0.372956409083981,0,0.752218081593253,0
-0.0942656651913724,0,0.995547077925513,0,1,0,-0.995547077925513,0,-0.0942656651913724,0.373463073705358,0,0.751812278650929,0
-0.0954607974421628,0,0.995433190199978,0,1,0,-0.995433190199978,0,-0.0954607974421628,0.373972550474344,0,0.751404223374959,0
-0.0966623688870107,0,0.995317229048684,0,1,0,-0.995317229048684,0,-0.0966623688870107,0.374484831367694,0,0.750993922191402,0
-0.0978703566607134,0,0.995199172672036,0,1,0,-0.995199172672036,0,-0.0978703566607134,0.374999908362161,0,0.750581381526316,0
-0.0990847378368841,0,0.995078999239656,0,1,0,-0.995078999239656,0,-0.0990847378368841,0.375517773434501,0,0.75016660780576,0
-0.100305489427579,0,0.994956686891793,0,1,0,-0.994956686891793,0,-0.100305489427579,0.376038418561467,0,0.749749607455795,0
-0.101532588382932,0,0.99483221374072,0,1,0,-0.99483221374072,0,-0.101532588382932,0.376561835719814,0,0.749330386902477,0
-0.10276601159079,0,0.994705557872138,0,1,0,-0.994705557872138,0,-0.10276601159079,0.377088016886296,0,0.748908952571867,0
-0.104005735876355,0,0.994576697346574,0,1,0,-0.994576697346574,0,-0.104005735876355,0.377616954037668,0,0.748485310890023,0
-0.105251738001837,0,0.994445610200775,0,1,0,-0.994445610200775,0,-0.105251738001837,0.378148639150683,0,0.748059468283004,0
-0.106503994666101,0,0.99431227444911,0,1,0,-0.99431227444911,0,-0.106503994666101,0.378683064202097,0,0.747631431176869,0
-0.107762482504327,0,0.994176668084956,0,1,0,-0.994176668084956,0,-0.107762482504327,0.379220221168663,0,0.747201205997676,0
-0.109027178087675,0,0.994038769082091,0,1,0,-0.994038769082091,0,-0.109027178087675,0.379760102027135,0,0.746768799171486,0
-0.110298057922952,0,0.993898555396085,0,1,0,-0.993898555396085,0,-0.110298057922952,0.380302698754269,0,0.746334217124356,0
-0.111575098452285,0,0.993756004965687,0,1,0,-0.993756004965687,0,-0.111575098452285,0.380848003326818,0,0.745897466282346,0
-0.112858276052803,0,0.993611095714208,0,1,0,-0.993611095714208,0,-0.112858276052803,0.381396007721537,0,0.745458553071514,0
-0.114147567036318,0,0.993463805550906,0,1,0,-0.993463805550906,0,-0.114147567036318,0.38194670391518,0,0.74501748391792,0
-0.11544294764902,0,0.993314112372368,0,1,0,-0.993314112372368,0,-0.11544294764902,0.382500083884502,0,0.744574265247621,0
-0.116744394071167,0,0.993161994063887,0,1,0,-0.993161994063887,0,-0.116744394071167,0.383056139606256,0,0.744128903486678,0
-0.118051882416793,0,0.99300742850084,0,1,0,-0.99300742850084,0,-0.118051882416793,0.383614863057197,0,0.74368140506115,0
-0.11936538873341,0,0.992850393550067,0,1,0,-0.992850393550067,0,-0.11936538873341,0.38417624621408,0,0.743231776397094,0
-0.120684889001722,0,0.992690867071236,0,1,0,-0.992690867071236,0,-0.120684889001722,0.384740281053658,0,0.74278002392057,0
-0.122010359135345,0,0.992528826918223,0,1,0,-0.992528826918223,0,-0.122010359135345,0.385306959552686,0,0.742326154057637,0
-0.12334177498053,0,0.992364250940476,0,1,0,-0.992364250940476,0,-0.12334177498053,0.385876273687919,0,0.741870173234354,0
-0.124679112315896,0,0.992197116984382,0,1,0,-0.992197116984382,0,-0.124679112315896,0.38644821543611,0,0.741412087876779,0
-0.126022346852161,0,0.992027402894635,0,1,0,-0.992027402894635,0,-0.126022346852161,0.387022776774014,0,0.740951904410972,0
-0.127371454231889,0,0.991855086515593,0,1,0,-0.991855086515593,0,-0.127371454231889,0.387599949678386,0,0.740489629262991,0
-0.128726410029237,0,0.991680145692645,0,1,0,-0.991680145692645,0,-0.128726410029237,0.388179726125979,0,0.740025268858895,0
-0.130087189749707,0,0.991502558273565,0,1,0,-0.991502558273565,0,-0.130087189749707,0.388762098093548,0,0.739558829624744,0
-0.131453768829909,0,0.99132230210987,0,1,0,-0.99132230210987,0,-0.131453768829909,0.389347057557848,0,0.739090317986596,0
-0.132826122637327,0,0.991139355058174,0,1,0,-0.991139355058174,0,-0.132826122637327,0.389934596495632,0,0.73861974037051,0
-0.134204226470091,0,0.990953694981539,0,1,0,-0.990953694981539,0,-0.134204226470091,0.390524706883655,0,0.738147103202545,0
-0.135588055556756,0,0.990765299750823,0,1,0,-0.990765299750823,0,-0.135588055556756,0.391117380698671,0,0.73767241290876,0
-0.136977585056088,0,0.990574147246031,0,1,0,-0.990574147246031,0,-0.136977585056088,0.391712609917435,0,0.737195675915214,0
-0.138372790056855,0,0.990380215357658,0,1,0,-0.990380215357658,0,-0.138372790056855,0.392310386516701,0,0.736716898647965,0
-0.139773645577626,0,0.99018348198803,0,1,0,-0.99018348198803,0,-0.139773645577626,0.392910702473223,0,0.736236087533073,0
-0.141180126566574,0,0.989983925052648,0,1,0,-0.989983925052648,0,-0.141180126566574,0.393513549763756,0,0.735753248996596,0
-0.142592207901288,0,0.98978152248152,0,1,0,-0.98978152248152,0,-0.142592207901288,0.394118920365053,0,0.735268389464594,0
-0.144009864388588,0,0.989576252220505,0,1,0,-0.989576252220505,0,-0.144009864388588,0.39472680625387,0,0.734781515363125,0
-0.145433070764354,0,0.989368092232638,0,1,0,-0.989368092232638,0,-0.145433070764354,0.39533719940696,0,0.734292633118248,0
-0.14686180169335,0,0.989157020499467,0,1,0,-0.989157020499467,0,-0.14686180169335,0.395950091801078,0,0.733801749156022,0
-0.148296031769067,0,0.988943015022376,0,1,0,-0.988943015022376,0,-0.148296031769067,0.396565475412978,0,0.733308869902507,0
-0.149735735513562,0,0.988726053823916,0,1,0,-0.988726053823916,0,-0.149735735513562,0.397183342219415,0,0.73281400178376,0
-0.151180887377313,0,0.988506114949123,0,1,0,-0.988506114949123,0,-0.151180887377313,0.397803684197143,0,0.732317151225841,0
-0.152631461739071,0,0.988283176466844,0,1,0,-0.988283176466844,0,-0.152631461739071,0.398426493322915,0,0.731818324654809,0
-0.15408743290573,0,0.988057216471051,0,1,0,-0.988057216471051,0,-0.15408743290573,0.399051761573487,0,0.731317528496722,0
-0.155548775112191,0,0.987828213082162,0,1,0,-0.987828213082162,0,-0.155548775112191,0.399679480925614,0,0.73081476917764,0
-0.157015462521246,0,0.987596144448346,0,1,0,-0.987596144448346,0,-0.157015462521246,0.400309643356048,0,0.730310053123622,0
-0.158487469223459,0,0.987360988746843,0,1,0,-0.987360988746843,0,-0.158487469223459,0.400942240841544,0,0.729803386760725,0
-0.159964769237057,0,0.987122724185263,0,1,0,-0.987122724185263,0,-0.159964769237057,0.401577265358858,0,0.72929477651501,0
-0.16144733650783,0,0.986881329002899,0,1,0,-0.986881329002899,0,-0.16144733650783,0.402214708884742,0,0.728784228812535,0
-0.162935144909036,0,0.986636781472022,0,1,0,-0.986636781472022,0,-0.162935144909036,0.402854563395952,0,0.72827175007936,0
-0.164428168241313,0,0.986389059899189,0,1,0,-0.986389059899189,0,-0.164428168241313,0.403496820869242,0,0.727757346741542,0
-0.165926380232596,0,0.986138142626533,0,1,0,-0.986138142626533,0,-0.165926380232596,0.404141473281366,0,0.727241025225141,0
-0.16742975453805,0,0.985884008033059,0,1,0,-0.985884008033059,0,-0.16742975453805,0.404788512609078,0,0.726722791956216,0
-0.168938264739994,0,0.985626634535938,0,1,0,-0.985626634535938,0,-0.168938264739994,0.405437930829133,0,0.726202653360825,0
-0.170451884347852,0,0.985366000591794,0,1,0,-0.985366000591794,0,-0.170451884347852,0.406089719918285,0,0.725680615865028,0
-0.17197058679809,0,0.985102084697987,0,1,0,-0.985102084697987,0,-0.17197058679809,0.406743871853288,0,0.725156685894884,0
-0.173494345454181,0,0.984834865393902,0,1,0,-0.984834865393902,0,-0.173494345454181,0.407400378610897,0,0.724630869876451,0
-0.175023133606561,0,0.984564321262222,0,1,0,-0.984564321262222,0,-0.175023133606561,0.408059232167866,0,0.724103174235788,0
-0.176556924472599,0,0.984290430930209,0,1,0,-0.984290430930209,0,-0.176556924472599,0.40872042450095,0,0.723573605398954,0
-0.178095691196574,0,0.984013173070978,0,1,0,-0.984013173070978,0,-0.178095691196574,0.409383947586902,0,0.723042169792009,0
-0.179639406849663,0,0.983732526404765,0,1,0,-0.983732526404765,0,-0.179639406849663,0.410049793402477,0,0.72250887384101,0
-0.181188044429924,0,0.983448469700197,0,1,0,-0.983448469700197,0,-0.181188044429924,0.410717953924429,0,0.721973723972018,0
-0.182741576862302,0,0.983160981775558,0,1,0,-0.983160981775558,0,-0.182741576862302,0.411388421129514,0,0.72143672661109,0
-0.184299976998632,0,0.982870041500047,0,1,0,-0.982870041500047,0,-0.184299976998632,0.412061186994484,0,0.720897888184286,0
-0.18586321761765,0,0.982575627795039,0,1,0,-0.982575627795039,0,-0.18586321761765,0.412736243496094,0,0.720357215117665,0
-0.187431271425017,0,0.982277719635339,0,1,0,-0.982277719635339,0,-0.187431271425017,0.413413582611099,0,0.719814713837285,0
-0.189004111053348,0,0.981976296050436,0,1,0,-0.981976296050436,0,-0.189004111053348,0.414093196316253,0,0.719270390769206,0
-0.190581709062242,0,0.98167133612575,0,1,0,-0.98167133612575,0,-0.190581709062242,0.41477507658831,0,0.718724252339486,0
-0.19216403793833,0,0.981362819003877,0,1,0,-0.981362819003877,0,-0.19216403793833,0.415459215404025,0,0.718176304974184,0
-0.193751070095323,0,0.981050723885833,0,1,0,-0.981050723885833,0,-0.193751070095323,0.416145604740152,0,0.717626555099359,0
-0.195342777874072,0,0.980735030032292,0,1,0,-0.980735030032292,0,-0.195342777874072,0.416834236573445,0,0.717075009141071,0
-0.196939133542631,0,0.980415716764821,0,1,0,-0.980415716764821,0,-0.196939133542631,0.417525102880658,0,0.716521673525377,0
-0.19854010929633,0,0.980092763467112,0,1,0,-0.980092763467112,0,-0.19854010929633,0.418218195638547,0,0.715966554678338,0
-0.200145677257859,0,0.979766149586213,0,1,0,-0.979766149586213,0,-0.200145677257859,0.418913506823865,0,0.715409659026011,0
-0.201755809477349,0,0.979435854633748,0,1,0,-0.979435854633748,0,-0.201755809477349,0.419611028413366,0,0.714850992994455,0
-0.203370477932476,0,0.979101858187143,0,1,0,-0.979101858187143,0,-0.203370477932476,0.420310752383805,0,0.714290563009731,0
-0.204989654528559,0,0.978764139890843,0,1,0,-0.978764139890843,0,-0.204989654528559,0.421012670711936,0,0.713728375497896,0
-0.206613311098671,0,0.978422679457525,0,1,0,-0.978422679457525,0,-0.206613311098671,0.421716775374514,0,0.713164436885009,0
-0.208241419403759,0,0.978077456669311,0,1,0,-0.978077456669311,0,-0.208241419403759,0.422423058348293,0,0.712598753597129,0
-0.209873951132769,0,0.977728451378971,0,1,0,-0.977728451378971,0,-0.209873951132769,0.423131511610027,0,0.712031332060316,0
-0.211510877902779,0,0.97737564351113,0,1,0,-0.97737564351113,0,-0.211510877902779,0.42384212713647,0,0.711462178700628,0
-0.213152171259142,0,0.977019013063468,0,1,0,-0.977019013063468,0,-0.213152171259142,0.424554896904377,0,0.710891299944124,0
-0.214797802675635,0,0.976658540107913,0,1,0,-0.976658540107913,0,-0.214797802675635,0.425269812890503,0,0.710318702216863,0
-0.216447743554612,0,0.976294204791833,0,1,0,-0.976294204791833,0,-0.216447743554612,0.4259868670716,0,0.709744391944903,0
-0.218101965227173,0,0.975925987339227,0,1,0,-0.975925987339227,0,-0.218101965227173,0.426706051424425,0,0.709168375554305,0
-0.219760438953333,0,0.975553868051907,0,1,0,-0.975553868051907,0,-0.219760438953333,0.427427357925731,0,0.708590659471126,0
-0.221423135922202,0,0.97517782731068,0,1,0,-0.97517782731068,0,-0.221423135922202,0.428150778552272,0,0.708011250121425,0
-0.223090027252173,0,0.97479784557652,0,1,0,-0.97479784557652,0,-0.223090027252173,0.428876305280803,0,0.707430153931262,0
-0.224761083991117,0,0.974413903391746,0,1,0,-0.974413903391746,0,-0.224761083991117,0.429603930088078,0,0.706847377326696,0
-0.226436277116585,0,0.974025981381185,0,1,0,-0.974025981381185,0,-0.226436277116585,0.430333644950851,0,0.706262926733784,0
-0.228115577536018,0,0.973634060253342,0,1,0,-0.973634060253342,0,-0.228115577536018,0.431065441845878,0,0.705676808578587,0
-0.229798956086967,0,0.973238120801554,0,1,0,-0.973238120801554,0,-0.229798956086967,0.431799312749911,0,0.705089029287163,0
-0.231486383537318,0,0.972838143905148,0,1,0,-0.972838143905148,0,-0.231486383537318,0.432535249639705,0,0.70449959528557,0
-0.233177830585523,0,0.972434110530595,0,1,0,-0.972434110530595,0,-0.233177830585523,0.433273244492016,0,0.703908512999869,0
-0.234873267860846,0,0.972026001732653,0,1,0,-0.972026001732653,0,-0.234873267860846,0.434013289283596,0,0.703315788856118,0
-0.236572665923608,0,0.971613798655514,0,1,0,-0.971613798655514,0,-0.236572665923608,0.434755375991201,0,0.702721429280375,0
-0.238275995265446,0,0.971197482533939,0,1,0,-0.971197482533939,0,-0.238275995265446,0.435499496591584,0,0.702125440698699,0
-0.239983226309576,0,0.970777034694397,0,1,0,-0.970777034694397,0,-0.239983226309576,0.436245643061501,0,0.701527829537151,0
-0.241694329411066,0,0.97035243655619,0,1,0,-0.97035243655619,0,-0.241694329411066,0.436993807377705,0,0.700928602221787,0
-0.243409274857116,0,0.969923669632581,0,1,0,-0.969923669632581,0,-0.243409274857116,0.43774398151695,0,0.700327765178668,0
-0.245128032867345,0,0.969490715531916,0,1,0,-0.969490715531916,0,-0.245128032867345,0.438496157455992,0,0.699725324833852,0
-0.246850573594086,0,0.969053555958736,0,1,0,-0.969053555958736,0,-0.246850573594086,0.439250327171584,0,0.699121287613399,0
-0.24857686712269,0,0.968612172714894,0,1,0,-0.968612172714894,0,-0.24857686712269,0.44000648264048,0,0.698515659943366,0
-0.250306883471836,0,0.968166547700661,0,1,0,-0.968166547700661,0,-0.250306883471836,0.440764615839435,0,0.697908448249813,0
-0.252040592593849,0,0.967716662915825,0,1,0,-0.967716662915825,0,-0.252040592593849,0.441524718745204,0,0.697299658958799,0
-0.253777964375028,0,0.967262500460794,0,1,0,-0.967262500460794,0,-0.253777964375028,0.44228678333454,0,0.696689298496383,0
-0.255518968635978,0,0.966804042537683,0,1,0,-0.966804042537683,0,-0.255518968635978,0.443050801584199,0,0.696077373288623,0
-0.257263575131951,0,0.96634127145141,0,1,0,-0.96634127145141,0,-0.257263575131951,0.443816765470933,0,0.695463889761579,0
-0.259011753553197,0,0.965874169610772,0,1,0,-0.965874169610772,0,-0.259011753553197,0.444584666971498,0,0.69484885434131,0
-0.26076347352532,0,0.965402719529529,0,1,0,-0.965402719529529,0,-0.26076347352532,0.445354498062648,0,0.694232273453874,0
-0.262518704609641,0,0.964926903827474,0,1,0,-0.964926903827474,0,-0.262518704609641,0.446126250721137,0,0.69361415352533,0
-0.264277416303574,0,0.964446705231506,0,1,0,-0.964446705231506,0,-0.264277416303574,0.44689991692372,0,0.692994500981737,0
-0.266039578041001,0,0.963962106576688,0,1,0,-0.963962106576688,0,-0.266039578041001,0.447675488647151,0,0.692373322249154,0
-0.267805159192662,0,0.963473090807311,0,1,0,-0.963473090807311,0,-0.267805159192662,0.448452957868184,0,0.69175062375364,0
-0.269574129066551,0,0.962979640977944,0,1,0,-0.962979640977944,0,-0.269574129066551,0.449232316563573,0,0.691126411921254,0
-0.271346456908314,0,0.962481740254486,0,1,0,-0.962481740254486,0,-0.271346456908314,0.450013556710074,0,0.690500693178055,0
-0.273122111901666,0,0.961979371915206,0,1,0,-0.961979371915206,0,-0.273122111901666,0.450796670284439,0,0.689873473950102,0
-0.274901063168803,0,0.961472519351781,0,1,0,-0.961472519351781,0,-0.274901063168803,0.451581649263424,0,0.689244760663453,0
-0.27668327977083,0,0.960961166070334,0,1,0,-0.960961166070334,0,-0.27668327977083,0.452368485623783,0,0.688614559744168,0
-0.278468730708194,0,0.960445295692455,0,1,0,-0.960445295692455,0,-0.278468730708194,0.45315717134227,0,0.687982877618305,0
-0.280257384921121,0,0.959924891956227,0,1,0,-0.959924891956227,0,-0.280257384921121,0.453947698395639,0,0.687349720711923,0
-0.28204921129007,0,0.959399938717243,0,1,0,-0.959399938717243,0,-0.28204921129007,0.454740058760646,0,0.686715095451082,0
-0.283844178636183,0,0.958870419949615,0,1,0,-0.958870419949615,0,-0.283844178636183,0.455534244414043,0,0.68607900826184,0
-0.285642255721751,0,0.958336319746982,0,1,0,-0.958336319746982,0,-0.285642255721751,0.456330247332586,0,0.685441465570256,0
-0.287443411250683,0,0.957797622323511,0,1,0,-0.957797622323511,0,-0.287443411250683,0.457128059493029,0,0.684802473802388,0
-0.289247613868983,0,0.95725431201489,0,1,0,-0.95725431201489,0,-0.289247613868983,0.457927672872125,0,0.684162039384297,0
-0.291054832165238,0,0.956706373279318,0,1,0,-0.956706373279318,0,-0.291054832165238,0.458729079446631,0,0.68352016874204,0
-0.292865034671108,0,0.956153790698489,0,1,0,-0.956153790698489,0,-0.292865034671108,0.459532271193299,0,0.682876868301677,0
-0.294678189861827,0,0.955596548978572,0,1,0,-0.955596548978572,0,-0.294678189861827,0.460337240088884,0,0.682232144489267,0
-0.296494266156711,0,0.955034632951179,0,1,0,-0.955034632951179,0,-0.296494266156711,0.46114397811014,0,0.681586003730867,0
-0.298313231919672,0,0.954468027574334,0,1,0,-0.954468027574334,0,-0.298313231919672,0.461952477233822,0,0.680938452452539,0
-0.30013505545974,0,0.953896717933435,0,1,0,-0.953896717933435,0,-0.30013505545974,0.462762729436685,0,0.680289497080339,0
-0.301959705031592,0,0.953320689242206,0,1,0,-0.953320689242206,0,-0.301959705031592,0.463574726695481,0,0.679639144040328,0
-0.303787148836091,0,0.952739926843647,0,1,0,-0.952739926843647,0,-0.303787148836091,0.464388460986966,0,0.678987399758564,0
-0.305617355020826,0,0.952154416210981,0,1,0,-0.952154416210981,0,-0.305617355020826,0.465203924287895,0,0.678334270661106,0
-0.307450291680667,0,0.951564142948584,0,1,0,-0.951564142948584,0,-0.307450291680667,0.46602110857502,0,0.677679763174012,0
-0.309285926858319,0,0.950969092792921,0,1,0,-0.950969092792921,0,-0.309285926858319,0.466840005825098,0,0.677023883723343,0
-0.311124228544893,0,0.950369251613469,0,1,0,-0.950369251613469,0,-0.311124228544893,0.467660608014881,0,0.676366638735156,0
-0.312965164680473,0,0.949764605413638,0,1,0,-0.949764605413638,0,-0.312965164680473,0.468482907121125,0,0.675708034635511,0
-0.314808703154701,0,0.949155140331682,0,1,0,-0.949155140331682,0,-0.314808703154701,0.469306895120583,0,0.675048077850466,0
-0.316654811807358,0,0.948540842641605,0,1,0,-0.948540842641605,0,-0.316654811807358,0.470132563990011,0,0.674386774806081,0
-0.318503458428963,0,0.947921698754064,0,1,0,-0.947921698754064,0,-0.318503458428963,0.470959905706161,0,0.673724131928414,0
-0.320354610761371,0,0.947297695217259,0,1,0,-0.947297695217259,0,-0.320354610761371,0.47178891224579,0,0.673060155643524,0
-0.322208236498384,0,0.946668818717825,0,1,0,-0.946668818717825,0,-0.322208236498384,0.47261957558565,0,0.67239485237747,0
-0.324064303286361,0,0.946035056081711,0,1,0,-0.946035056081711,0,-0.324064303286361,0.473451887702496,0,0.671728228556312,0
-0.325922778724844,0,0.945396394275056,0,1,0,-0.945396394275056,0,-0.325922778724844,0.474285840573083,0,0.671060290606107,0
-0.327783630367185,0,0.944752820405056,0,1,0,-0.944752820405056,0,-0.327783630367185,0.475121426174165,0,0.670391044952915,0
-0.329646825721183,0,0.94410432172083,0,1,0,-0.94410432172083,0,-0.329646825721183,0.475958636482497,0,0.669720498022795,0
-0.331512332249723,0,0.943450885614269,0,1,0,-0.943450885614269,0,-0.331512332249723,0.476797463474831,0,0.669048656241805,0
-0.333380117371431,0,0.942792499620893,0,1,0,-0.942792499620893,0,-0.333380117371431,0.477637899127924,0,0.668375526036005,0
-0.335250148461325,0,0.942129151420685,0,1,0,-0.942129151420685,0,-0.335250148461325,0.478479935418529,0,0.667701113831454,0
-0.337122392851479,0,0.941460828838934,0,1,0,-0.941460828838934,0,-0.337122392851479,0.479323564323401,0,0.66702542605421,0
-0.338996817831693,0,0.940787519847062,0,1,0,-0.940787519847062,0,-0.338996817831693,0.480168777819293,0,0.666348469130332,0
-0.340873390650172,0,0.940109212563442,0,1,0,-0.940109212563442,0,-0.340873390650172,0.481015567882961,0,0.665670249485879,0
-0.342752078514203,0,0.939425895254221,0,1,0,-0.939425895254221,0,-0.342752078514203,0.481863926491158,0,0.664990773546911,0
-0.344632848590848,0,0.938737556334121,0,1,0,-0.938737556334121,0,-0.344632848590848,0.482713845620639,0,0.664310047739485,0
-0.346515668007641,0,0.93804418436725,0,1,0,-0.93804418436725,0,-0.346515668007641,0.483565317248158,0,0.663628078489662,0
-0.348400503853287,0,0.937345768067886,0,1,0,-0.937345768067886,0,-0.348400503853287,0.48441833335047,0,0.662944872223499,0
-0.350287323178374,0,0.936642296301277,0,1,0,-0.936642296301277,0,-0.350287323178374,0.485272885904328,0,0.662260435367055,0
-0.352176092996086,0,0.935933758084413,0,1,0,-0.935933758084413,0,-0.352176092996086,0.486128966886488,0,0.661574774346391,0
-0.354066780282929,0,0.935220142586803,0,1,0,-0.935220142586803,0,-0.354066780282929,0.486986568273703,0,0.660887895587564,0
-0.355959351979452,0,0.934501439131245,0,1,0,-0.934501439131245,0,-0.355959351979452,0.487845682042728,0,0.660199805516633,0
-0.35785377499099,0,0.933777637194583,0,1,0,-0.933777637194583,0,-0.35785377499099,0.488706300170317,0,0.659510510559658,0
-0.359750016188397,0,0.933048726408459,0,1,0,-0.933048726408459,0,-0.359750016188397,0.489568414633224,0,0.658820017142697,0
-0.361648042408797,0,0.932314696560064,0,1,0,-0.932314696560064,0,-0.361648042408797,0.490432017408204,0,0.658128331691809,0
-0.363547820456339,0,0.93157553759287,0,1,0,-0.93157553759287,0,-0.363547820456339,0.491297100472012,0,0.657435460633053,0
-0.365449317102953,0,0.930831239607366,0,1,0,-0.930831239607366,0,-0.365449317102953,0.4921636558014,0,0.656741410392488,0
