6.12323399573677e-17,0,1,0,1,0,-1,0,6.12323399573677e-17,0.3334,0,0.7839,0
-4.71867687799423e-06,0,0.999999999988867,0,1,0,-0.999999999988867,0,-4.71867687799423e-06,0.333402832386535,0,0.783900313077528,0
-1.88621033658619e-05,0,0.999999999822111,0,1,0,-0.999999999822111,0,-1.88621033658619e-05,0.333411321989348,0,0.78390125139378,0
-4.24113732362549e-05,0,0.999999999100638,0,1,0,-0.999999999100638,0,-4.24113732362549e-05,0.333425457486458,0,0.783902813454772,0
-7.53475802348085e-05,0,0.999999997161371,0,1,0,-0.999999997161371,0,-7.53475802348085e-05,0.333445227573379,0,0.783904997608062,0
-0.000117651818049084,0,0.999999993079025,0,1,0,-0.999999993079025,0,-0.000117651818049084,0.333470620962991,0,0.783907802043812,0
-0.000169305180265469,0,0.999999985667878,0,1,0,-0.999999985667878,0,-0.000169305180265469,0.333501626385391,0,0.783911224795854,0
-0.000230288760314138,0,0.999999973483543,0,1,0,-0.999999973483543,0,-0.000230288760314138,0.333538232587746,0,0.783915263742744,0
-0.000300583651402262,0,0.999999954824733,0,1,0,-0.999999954824733,0,-0.000300583651402262,0.333580428334133,0,0.783919916608817,0
-0.000380170946435623,0,0.999999927735023,0,1,0,-0.999999927735023,0,-0.000380170946435623,0.333628202405379,0,0.783925180965244,0
-0.000469031737928813,0,0.999999890004608,0,1,0,-0.999999890004608,0,-0.000469031737928813,0.333681543598886,0,0.783931054231078,0
-0.00056714711790419,0,0.99999983917206,0,1,0,-0.99999983917206,0,-0.00056714711790419,0.333740440728456,0,0.783937533674302,0
-0.000674498177779751,0,0.999999772526078,0,1,0,-0.999999772526078,0,-0.000674498177779751,0.333804882624107,0,0.783944616412874,0
-0.000791066008246094,0,0.999999687107236,0,1,0,-0.999999687107236,0,-0.000791066008246094,0.333874858131885,0,0.783952299415766,0
-0.000916831699132646,0,0.999999579709729,0,1,0,-0.999999579709729,0,-0.000916831699132646,0.333950356113664,0,0.783960579504003,0
-0.0010517763392633,0,0.999999446883113,0,1,0,-0.999999446883113,0,-0.0010517763392633,0.334031365446948,0,0.783969453351699,0
-0.00119588101630167,0,0.999999284934042,0,1,0,-0.999999284934042,0,-0.00119588101630167,0.334117875024661,0,0.78397891748709,0
-0.00134912681658605,0,0.999999089928002,0,1,0,-0.999999089928002,0,-0.00134912681658605,0.334209873754933,0,0.783988968293564,0
-0.00151149482495433,0,0.999998857691045,0,1,0,-0.999998857691045,0,-0.00151149482495433,0.334307350560878,0,0.783999602010685,0
-0.001682966124559,0,0.999998583811509,0,1,0,-0.999998583811509,0,-0.001682966124559,0.334410294380373,0,0.784010814735223,0
-0.00186352179667237,0,0.999998263641749,0,1,0,-0.999998263641749,0,-0.00186352179667237,0.334518694165823,0,0.784022602422169,0
-0.00205314292048216,0,0.999997892299853,0,1,0,-0.999997892299853,0,-0.00205314292048216,0.334632538883924,0,0.784034960885761,0
-0.00225181057287776,0,0.999997464671358,0,1,0,-0.999997464671358,0,-0.00225181057287776,0.334751817515425,0,0.784047885800493,0
-0.00245950582822707,0,0.999996975410966,0,1,0,-0.999996975410966,0,-0.00245950582822707,0.334876519054876,0,0.784061372702135,0
-0.00267620975814436,0,0.999996418944253,0,1,0,-0.999996418944253,0,-0.00267620975814436,0.335006632510375,0,0.784075416988741,0
-0.00290190343124906,0,0.999995789469374,0,1,0,-0.999995789469374,0,-0.00290190343124906,0.335142146903314,0,0.784090013921655,0
-0.00313656791291576,0,0.999995080958765,0,1,0,-0.999995080958765,0,-0.00313656791291576,0.335283051268114,0,0.784105158626521,0
-0.00338018426501565,0,0.999994287160849,0,1,0,-0.999994287160849,0,-0.00338018426501565,0.335429334651953,0,0.784120846094283,0
-0.00363273354564934,0,0.999993401601724,0,1,0,-0.999993401601724,0,-0.00363273354564934,0.335580986114502,0,0.784137071182189,0
-0.00389419680887139,0,0.99999241758686,0,1,0,-0.99999241758686,0,-0.00389419680887139,0.335737994727637,0,0.784153828614782,0
-0.00416455510440668,0,0.999991328202791,0,1,0,-0.999991328202791,0,-0.00416455510440668,0.335900349575165,0,0.784171112984903,0
-0.00444378947735871,0,0.999990126318796,0,1,0,-0.999990126318796,0,-0.00444378947735871,0.336068039752532,0,0.78418891875468,0
-0.00473188096790998,0,0.999988804588584,0,1,0,-0.999988804588584,0,-0.00473188096790998,0.336241054366535,0,0.784207240256519,0
-0.00502881061101469,0,0.999987355451977,0,1,0,-0.999987355451977,0,-0.00502881061101469,0.336419382535023,0,0.78422607169409,0
-0.00533455943608385,0,0.999985771136581,0,1,0,-0.999985771136581,0,-0.00533455943608385,0.336603013386597,0,0.784245407143317,0
-0.0056491084666629,0,0.999984043659464,0,1,0,-0.999984043659464,0,-0.0056491084666629,0.336791936060309,0,0.784265240553356,0
-0.00597243872010208,0,0.999982164828821,0,1,0,-0.999982164828821,0,-0.00597243872010208,0.336986139705349,0,0.784285565747578,0
-0.00630453120721964,0,0.999980126245646,0,1,0,-0.999980126245646,0,-0.00630453120721964,0.337185613480735,0,0.784306376424548,0
-0.00664536693195809,0,0.999977919305391,0,1,0,-0.999977919305391,0,-0.00664536693195809,0.337390346554995,0,0.784327666158997,0
-0.00699492689103349,0,0.999975535199631,0,1,0,-0.999975535199631,0,-0.00699492689103349,0.337600328105847,0,0.784349428402799,0
-0.00735319207357818,0,0.999972964917717,0,1,0,-0.999972964917717,0,-0.00735319207357818,0.337815547319875,0,0.784371656485941,0
-0.00772014346077682,0,0.99997019924843,0,1,0,-0.99997019924843,0,-0.00772014346077682,0.338035993392198,0,0.784394343617493,0
-0.00809576202549606,0,0.999967228781637,0,1,0,-0.999967228781637,0,-0.00809576202549606,0.338261655526142,0,0.784417482886569,0
-0.00848002873190793,0,0.999964043909933,0,1,0,-0.999964043909933,0,-0.00848002873190793,0.338492522932904,0,0.784441067263299,0
-0.00887292453510706,0,0.999960634830289,0,1,0,-0.999960634830289,0,-0.00887292453510706,0.338728584831208,0,0.784465089599785,0
-0.00927443038072195,0,0.999956991545693,0,1,0,-0.999956991545693,0,-0.00927443038072195,0.338969830446972,0,0.784489542631063,0
-0.00968452720452031,0,0.999953103866789,0,1,0,-0.999953103866789,0,-0.00968452720452031,0.339216249012952,0,0.78451441897606,0
-0.0101031959320087,0,0.999948961413511,0,1,0,-0.999948961413511,0,-0.0101031959320087,0.339467829768402,0,0.784539711138549,0
-0.0105304174780268,0,0.999944553616719,0,1,0,-0.999944553616719,0,-0.0105304174780268,0.339724561958716,0,0.784565411508102,0
-0.0109661727463355,0,0.999939869719824,0,1,0,-0.999939869719824,0,-0.0109661727463355,0.339986434835078,0,0.784591512361044,0
-0.0114104426292008,0,0.999934898780418,0,1,0,-0.999934898780418,0,-0.0114104426292008,0.340253437654097,0,0.784618005861394,0
-0.0118632080069717,0,0.9999296296719,0,1,0,-0.9999296296719,0,-0.0118632080069717,0.340525559677454,0,0.784644884061821,0
-0.0123244497476533,0,0.99992405108509,0,1,0,-0.99992405108509,0,-0.0123244497476533,0.340802790171533,0,0.784672138904582,0
-0.0127941487064746,0,0.999918151529852,0,1,0,-0.999918151529852,0,-0.0127941487064746,0.341085118407056,0,0.784699762222469,0
-0.0132722857254526,0,0.999911919336709,0,1,0,-0.999911919336709,0,-0.0132722857254526,0.341372533658712,0,0.784727745739744,0
-0.0137588416329506,0,0.999905342658454,0,1,0,-0.999905342658454,0,-0.0137588416329506,0.34166502520479,0,0.784756081073083,0
-0.0142537972432324,0,0.999898409471757,0,1,0,-0.999898409471757,0,-0.0142537972432324,0.341962582326799,0,0.78478475973251,0
-0.0147571333560122,0,0.999891107578777,0,1,0,-0.999891107578777,0,-0.0147571333560122,0.342265194309094,0,0.784813773122332,0
-0.0152688307560003,0,0.999883424608761,0,1,0,-0.999883424608761,0,-0.0152688307560003,0.342572850438498,0,0.78484311254207,0
-0.0157888702124446,0,0.999875348019649,0,1,0,-0.999875348019649,0,-0.0157888702124446,0.342885540003916,0,0.78487276918739,0
-0.0163172324786679,0,0.999866865099668,0,1,0,-0.999866865099668,0,-0.0163172324786679,0.343203252295957,0,0.784902734151035,0
-0.0168538982916014,0,0.999857962968929,0,1,0,-0.999857962968929,0,-0.0168538982916014,0.343525976606545,0,0.784932998423747,0
-0.0173988483713149,0,0.999848628581023,0,1,0,-0.999848628581023,0,-0.0173988483713149,0.343853702228531,0,0.784963552895196,0
-0.0179520634205427,0,0.999838848724606,0,1,0,-0.999838848724606,0,-0.0179520634205427,0.344186418455303,0,0.784994388354898,0
-0.0185135241242064,0,0.999828610024989,0,1,0,-0.999828610024989,0,-0.0185135241242064,0.344524114580397,0,0.785025495493141,0
-0.0190832111489346,0,0.999817898945726,0,1,0,-0.999817898945726,0,-0.0190832111489346,0.344866779897099,0,0.785056864901904,0
-0.0196611051425782,0,0.999806701790187,0,1,0,-0.999806701790187,0,-0.0196611051425782,0.345214403698054,0,0.78508848707577,0
-0.0202471867337245,0,0.999795004703149,0,1,0,-0.999795004703149,0,-0.0202471867337245,0.345566975274864,0,0.785120352412848,0
-0.0208414365312061,0,0.999782793672363,0,1,0,-0.999782793672363,0,-0.0208414365312061,0.345924483917695,0,0.785152451215682,0
-0.0214438351236088,0,0.999770054530136,0,1,0,-0.999770054530136,0,-0.0214438351236088,0.346286918914872,0,0.785184773692166,0
-0.0220543630787755,0,0.999756772954897,0,1,0,-0.999756772954897,0,-0.0220543630787755,0.346654269552478,0,0.785217309956454,0
-0.0226730009433079,0,0.99974293447277,0,1,0,-0.99974293447277,0,-0.0226730009433079,0.347026525113952,0,0.785250050029869,0
-0.0232997292420659,0,0.999728524459139,0,1,0,-0.999728524459139,0,-0.0232997292420659,0.347403674879686,0,0.785282983841809,0
-0.0239345284776642,0,0.999713528140213,0,1,0,-0.999713528140213,0,-0.0239345284776642,0.347785708126615,0,0.785316101230656,0
-0.0245773791299669,0,0.999697930594588,0,1,0,-0.999697930594588,0,-0.0245773791299669,0.348172614127812,0,0.785349391944675,0
-0.0252282616555795,0,0.999681716754807,0,1,0,-0.999681716754807,0,-0.0252282616555795,0.34856438215208,0,0.78538284564292,0
-0.0258871564873394,0,0.999664871408914,0,1,0,-0.999664871408914,0,-0.0258871564873394,0.348961001463544,0,0.785416451896136,0
-0.0265540440338043,0,0.999647379202012,0,1,0,-0.999647379202012,0,-0.0265540440338043,0.349362461321238,0,0.785450200187651,0
-0.0272289046787382,0,0.999629224637813,0,1,0,-0.999629224637813,0,-0.0272289046787382,0.349768750978694,0,0.785484079914282,0
-0.0279117187805966,0,0.999610392080191,0,1,0,-0.999610392080191,0,-0.0279117187805966,0.350179859683532,0,0.785518080387227,0
-0.0286024666720095,0,0.999590865754723,0,1,0,-0.999590865754723,0,-0.0286024666720095,0.350595776677048,0,0.78555219083296,0
-0.0293011286592629,0,0.999570629750241,0,1,0,-0.999570629750241,0,-0.0293011286592629,0.351016491193794,0,0.785586400394124,0
-0.0300076850217795,0,0.999549668020371,0,1,0,-0.999549668020371,0,-0.0300076850217795,0.351441992461172,0,0.785620698130423,0
-0.0307221160115971,0,0.999527964385074,0,1,0,-0.999527964385074,0,-0.0307221160115971,0.351872269699012,0,0.78565507301951,0
-0.0314444018528469,0,0.999505502532186,0,1,0,-0.999505502532186,0,-0.0314444018528469,0.352307312119161,0,0.785689513957881,0
-0.0321745227412302,0,0.99948226601895,0,1,0,-0.99948226601895,0,-0.0321745227412302,0.352747108925066,0,0.785724009761755,0
-0.0329124588434941,0,0.999458238273554,0,1,0,-0.999458238273554,0,-0.0329124588434941,0.353191649311357,0,0.785758549167966,0
-0.0336581902969068,0,0.99943340259666,0,1,0,-0.99943340259666,0,-0.0336581902969068,0.35364092246343,0,0.785793120834845,0
-0.0344116972087316,0,0.999407742162934,0,1,0,-0.999407742162934,0,-0.0344116972087316,0.35409491755703,0,0.785827713343101,0
-0.0351729596557006,0,0.999381240022574,0,1,0,-0.999381240022574,0,-0.0351729596557006,0.354553623757837,0,0.785862315196706,0
-0.0359419576834882,0,0.999353879102832,0,1,0,-0.999353879102832,0,-0.0359419576834882,0.355017030221041,0,0.785896914823775,0
-0.0367186713061834,0,0.999325642209539,0,1,0,-0.999325642209539,0,-0.0367186713061834,0.355485126090934,0,0.785931500577441,0
-0.0375030805057624,0,0.999296512028626,0,1,0,-0.999296512028626,0,-0.0375030805057624,0.355957900500485,0,0.78596606073674,0
-0.0382951652315609,0,0.99926647112764,0,1,0,-0.99926647112764,0,-0.0382951652315609,0.356435342570926,0,0.78600058350748,0
-0.0390949053997463,0,0.999235501957264,0,1,0,-0.999235501957264,0,-0.0390949053997463,0.356917441411333,0,0.786035057023121,0
-0.0399022808927895,0,0.999203586852826,0,1,0,-0.999203586852826,0,-0.0399022808927895,0.357404186118212,0,0.786069469345645,0
-0.0407172715589374,0,0.999170708035817,0,1,0,-0.999170708035817,0,-0.0407172715589374,0.357895565775076,0,0.786103808466435,0
-0.0415398572116853,0,0.999136847615397,0,1,0,-0.999136847615397,0,-0.0415398572116853,0.358391569452032,0,0.786138062307137,0
-0.0423700176292495,0,0.999101987589904,0,1,0,-0.999101987589904,0,-0.0423700176292495,0.358892186205367,0,0.786172218720541,0
-0.0432077325540407,0,0.999066109848362,0,1,0,-0.999066109848362,0,-0.0432077325540407,0.359397405077124,0,0.78620626549144,0
-0.0440529816921373,0,0.99902919617198,0,1,0,-0.99902919617198,0,-0.0440529816921373,0.359907215094695,0,0.786240190337504,0
-0.0449057447127598,0,0.99899122823566,0,1,0,-0.99899122823566,0,-0.0449057447127598,0.360421605270398,0,0.786273980910147,0
-0.0457660012477458,0,0.998952187609493,0,1,0,-0.998952187609493,0,-0.0457660012477458,0.36094056460107,0,0.786307624795386,0
-0.0466337308910255,0,0.998912055760257,0,1,0,-0.998912055760257,0,-0.0466337308910255,0.361464082067645,0,0.786341109514714,0
-0.0475089131980985,0,0.998870814052916,0,1,0,-0.998870814052916,0,-0.0475089131980985,0.361992146634748,0,0.786374422525957,0
-0.0483915276855113,0,0.99882844375211,0,1,0,-0.99882844375211,0,-0.0483915276855113,0.362524747250276,0,0.786407551224138,0
-0.049281553830336,0,0.99878492602365,0,1,0,-0.99878492602365,0,-0.049281553830336,0.36306187284499,0,0.786440482942339,0
-0.0501789710696499,0,0.998740241936006,0,1,0,-0.998740241936006,0,-0.0501789710696499,0.363603512332103,0,0.786473204952559,0
-0.051083758800017,0,0.998694372461797,0,1,0,-0.998694372461797,0,-0.051083758800017,0.36414965460687,0,0.786505704466575,0
-0.0519958963769699,0,0.998647298479276,0,1,0,-0.998647298479276,0,-0.0519958963769699,0.364700288546176,0,0.786537968636797,0
-0.0529153631144942,0,0.998599000773815,0,1,0,-0.998599000773815,0,-0.0529153631144942,0.365255403008133,0,0.786569984557129,0
-0.0538421382845137,0,0.998549460039387,0,1,0,-0.998549460039387,0,-0.0538421382845137,0.365814986831666,0,0.786601739263819,0
-0.0547762011163773,0,0.998498656880047,0,1,0,-0.998498656880047,0,-0.0547762011163773,0.366379028836114,0,0.78663321973632,0
-0.0557175307963481,0,0.99844657181141,0,1,0,-0.99844657181141,0,-0.0557175307963481,0.366947517820821,0,0.786664412898137,0
-0.0566661064670935,0,0.998393185262129,0,1,0,-0.998393185262129,0,-0.0566661064670935,0.367520442564731,0,0.786695305617685,0
-0.0576219072271781,0,0.998338477575367,0,1,0,-0.998338477575367,0,-0.0576219072271781,0.368097791825988,0,0.786725884709138,0
-0.0585849121305578,0,0.998282429010275,0,1,0,-0.998282429010275,0,-0.0585849121305578,0.368679554341536,0,0.78675613693328,0
-0.0595551001860768,0,0.998225019743458,0,1,0,-0.998225019743458,0,-0.0595551001860768,0.369265718826714,0,0.786786048998357,0
-0.0605324503569655,0,0.998166229870447,0,1,0,-0.998166229870447,0,-0.0605324503569655,0.369856273974864,0,0.78681560756092,0
-0.0615169415603419,0,0.998106039407167,0,1,0,-0.998106039407167,0,-0.0615169415603419,0.37045120845693,0,0.786844799226681,0
-0.0625085526667149,0,0.998044428291402,0,1,0,-0.998044428291402,0,-0.0625085526667149,0.371050510921061,0,0.786873610551351,0
-0.0635072624994897,0,0.997981376384259,0,1,0,-0.997981376384259,0,-0.0635072624994897,0.371654169992223,0,0.786902028041493,0
-0.0645130498344757,0,0.997916863471629,0,1,0,-0.997916863471629,0,-0.0645130498344757,0.372262174271801,0,0.786930038155363,0
-0.0655258933993977,0,0.997850869265649,0,1,0,-0.997850869265649,0,-0.0655258933993977,0.372874512337213,0,0.786957627303756,0
-0.066545771873409,0,0.997783373406158,0,1,0,-0.997783373406158,0,-0.066545771873409,0.373491172741515,0,0.786984781850847,0
-0.0675726638866072,0,0.997714355462157,0,1,0,-0.997714355462157,0,-0.0675726638866072,0.374112144013022,0,0.787011488115036,0
-0.0686065480195536,0,0.997643794933262,0,1,0,-0.997643794933262,0,-0.0686065480195536,0.374737414654915,0,0.787037732369788,0
-0.0696474028027947,0,0.997571671251156,0,1,0,-0.997571671251156,0,-0.0696474028027947,0.375366973144863,0,0.787063500844472,0
-0.0706952067163869,0,0.997497963781043,0,1,0,-0.997497963781043,0,-0.0706952067163869,0.376000807934639,0,0.787088779725204,0
-0.0717499381894247,0,0.997422651823094,0,1,0,-0.997422651823094,0,-0.0717499381894247,0.37663890744974,0,0.787113555155681,0
-0.072811575599571,0,0.997345714613899,0,1,0,-0.997345714613899,0,-0.072811575599571,0.37728126008901,0,0.787137813238024,0
-0.0738800972725921,0,0.997267131327907,0,1,0,-0.997267131327907,0,-0.0738800972725921,0.377927854224267,0,0.787161540033612,0
-0.0749554814818946,0,0.997186881078876,0,1,0,-0.997186881078876,0,-0.0749554814818946,0.378578678199924,0,0.787184721563919,0
-0.0760377064480661,0,0.997104942921314,0,1,0,-0.997104942921314,0,-0.0760377064480661,0.379233720332622,0,0.787207343811348,0
-0.07712675033842,0,0.997021295851917,0,1,0,-0.997021295851917,0,-0.07712675033842,0.379892968910862,0,0.787229392720067,0
-0.0782225912665431,0,0.996935918811007,0,1,0,-0.996935918811007,0,-0.0782225912665431,0.380556412194632,0,0.787250854196842,0
-0.0793252072918465,0,0.996848790683976,0,1,0,-0.996848790683976,0,-0.0793252072918465,0.381224038415049,0,0.787271714111871,0
-0.0804345764191213,0,0.996759890302713,0,1,0,-0.996759890302713,0,-0.0804345764191213,0.381895835773993,0,0.787291958299612,0
-0.0815506765980969,0,0.996669196447042,0,1,0,-0.996669196447042,0,-0.0815506765980969,0.382571792443746,0,0.787311572559621,0
-0.0826734857230039,0,0.996576687846153,0,1,0,-0.996576687846153,0,-0.0826734857230039,0.383251896566641,0,0.787330542657375,0
-0.0838029816321401,0,0.99648234318003,0,1,0,-0.99648234318003,0,-0.0838029816321401,0.383936136254697,0,0.787348854325106,0
-0.0849391421074415,0,0.996386141080882,0,1,0,-0.996386141080882,0,-0.0849391421074415,0.384624499589275,0,0.787366493262628,0
-0.0860819448740561,0,0.996288060134568,0,1,0,-0.996288060134568,0,-0.0860819448740561,0.385316974620724,0,0.787383445138168,0
-0.0872313675999231,0,0.996188078882019,0,1,0,-0.996188078882019,0,-0.0872313675999231,0.386013549368032,0,0.787399695589187,0
-0.0883873878953546,0,0.996086175820665,0,1,0,-0.996086175820665,0,-0.0883873878953546,0.386714211818486,0,0.787415230223211,0
-0.0895499833126237,0,0.995982329405853,0,1,0,-0.995982329405853,0,-0.0895499833126237,0.387418949927324,0,0.787430034618656,0
-0.0907191313455546,0,0.995876518052267,0,1,0,-0.995876518052267,0,-0.0907191313455546,0.388127751617401,0,0.787444094325651,0
-0.0918948094291186,0,0.995768720135346,0,1,0,-0.995768720135346,0,-0.0918948094291186,0.388840604778848,0,0.787457394866864,0
-0.0930769949390346,0,0.995658913992698,0,1,0,-0.995658913992698,0,-0.0930769949390346,0.38955749726874,0,0.787469921738322,0
-0.0942656651913724,0,0.995547077925513,0,1,0,-0.995547077925513,0,-0.0942656651913724,0.390278416910763,0,0.787481660410237,0
-0.0954607974421628,0,0.995433190199978,0,1,0,-0.995433190199978,0,-0.0954607974421628,0.39100335149489,0,0.787492596327825,0
-0.0966623688870107,0,0.995317229048684,0,1,0,-0.995317229048684,0,-0.0966623688870107,0.391732288777048,0,0.787502714912126,0
-0.0978703566607134,0,0.995199172672036,0,1,0,-0.995199172672036,0,-0.0978703566607134,0.392465216478804,0,0.787512001560828,0
-0.0990847378368841,0,0.995078999239656,0,1,0,-0.995078999239656,0,-0.0990847378368841,0.393202122287038,0,0.787520441649081,0
-0.100305489427579,0,0.994956686891793,0,1,0,-0.994956686891793,0,-0.100305489427579,0.393942993853634,0,0.787528020530319,0
-0.101532588382932,0,0.99483221374072,0,1,0,-0.99483221374072,0,-0.101532588382932,0.394687818795158,0,0.787534723537075,0
-0.10276601159079,0,0.994705557872138,0,1,0,-0.994705557872138,0,-0.10276601159079,0.395436584692555,0,0.7875405359818,0
-0.104005735876355,0,0.994576697346574,0,1,0,-0.994576697346574,0,-0.104005735876355,0.396189279090837,0,0.787545443157677,0
-0.105251738001837,0,0.994445610200775,0,1,0,-0.994445610200775,0,-0.105251738001837,0.396945889498781,0,0.787549430339437,0
-0.106503994666101,0,0.99431227444911,0,1,0,-0.99431227444911,0,-0.106503994666101,0.397706403388629,0,0.787552482784174,0
-0.107762482504327,0,0.994176668084956,0,1,0,-0.994176668084956,0,-0.107762482504327,0.398470808195786,0,0.787554585732157,0
-0.109027178087675,0,0.994038769082091,0,1,0,-0.994038769082091,0,-0.109027178087675,0.39923909131853,0,0.787555724407642,0
-0.110298057922952,0,0.993898555396085,0,1,0,-0.993898555396085,0,-0.110298057922952,0.400011240117722,0,0.787555884019688,0
-0.111575098452285,0,0.993756004965687,0,1,0,-0.993756004965687,0,-0.111575098452285,0.400787241916511,0,0.787555049762963,0
-0.112858276052803,0,0.993611095714208,0,1,0,-0.993611095714208,0,-0.112858276052803,0.401567084000057,0,0.787553206818557,0
-0.114147567036318,0,0.993463805550906,0,1,0,-0.993463805550906,0,-0.114147567036318,0.402350753615247,0,0.787550340354791,0
-0.11544294764902,0,0.993314112372368,0,1,0,-0.993314112372368,0,-0.11544294764902,0.403138237970418,0,0.787546435528027,0
-0.116744394071167,0,0.993161994063887,0,1,0,-0.993161994063887,0,-0.116744394071167,0.403929524235079,0,0.78754147748347,0
-0.118051882416793,0,0.99300742850084,0,1,0,-0.99300742850084,0,-0.118051882416793,0.404724599539649,0,0.787535451355984,0
-0.11936538873341,0,0.992850393550067,0,1,0,-0.992850393550067,0,-0.11936538873341,0.405523450975182,0,0.787528342270889,0
-0.120684889001722,0,0.992690867071236,0,1,0,-0.992690867071236,0,-0.120684889001722,0.406326065593107,0,0.787520135344774,0
-0.122010359135345,0,0.992528826918223,0,1,0,-0.992528826918223,0,-0.122010359135345,0.407132430404966,0,0.787510815686294,0
-0.12334177498053,0,0.992364250940476,0,1,0,-0.992364250940476,0,-0.12334177498053,0.407942532382163,0,0.787500368396979,0
-0.124679112315896,0,0.992197116984382,0,1,0,-0.992197116984382,0,-0.124679112315896,0.408756358455703,0,0.787488778572035,0
-0.126022346852161,0,0.992027402894635,0,1,0,-0.992027402894635,0,-0.126022346852161,0.409573895515951,0,0.787476031301145,0
-0.12737145423189,0,0.991855086515593,0,1,0,-0.991855086515593,0,-0.12737145423189,0.410395130412382,0,0.78746211166927,0
-0.128726410029237,0,0.991680145692645,0,1,0,-0.991680145692645,0,-0.128726410029237,0.411220049953343,0,0.78744700475745,0
-0.130087189749707,0,0.991502558273565,0,1,0,-0.991502558273565,0,-0.130087189749707,0.412048640905811,0,0.7874306956436,0
-0.131453768829909,0,0.99132230210987,0,1,0,-0.99132230210987,0,-0.131453768829909,0.412880889995163,0,0.787413169403314,0
-0.132826122637327,0,0.991139355058174,0,1,0,-0.991139355058174,0,-0.132826122637327,0.413716783904946,0,0.787394411110656,0
-0.134204226470091,0,0.990953694981539,0,1,0,-0.990953694981539,0,-0.134204226470091,0.414556309276647,0,0.787374405838959,0
-0.135588055556756,0,0.990765299750823,0,1,0,-0.990765299750823,0,-0.135588055556756,0.415399452709476,0,0.787353138661622,0
-0.136977585056088,0,0.990574147246031,0,1,0,-0.990574147246031,0,-0.136977585056088,0.416246200760143,0,0.787330594652902,0
-0.138372790056855,0,0.990380215357658,0,1,0,-0.990380215357658,0,-0.138372790056855,0.417096539942647,0,0.787306758888707,0
-0.139773645577626,0,0.99018348198803,0,1,0,-0.99018348198803,0,-0.139773645577626,0.417950456728064,0,0.787281616447391,0
-0.141180126566574,0,0.989983925052648,0,1,0,-0.989983925052648,0,-0.141180126566574,0.418807937544343,0,0.787255152410544,0
-0.142592207901288,0,0.98978152248152,0,1,0,-0.98978152248152,0,-0.142592207901288,0.419668968776099,0,0.787227351863783,0
-0.144009864388588,0,0.989576252220505,0,1,0,-0.989576252220505,0,-0.144009864388588,0.42053353676442,0,0.787198199897541,0
-0.145433070764354,0,0.989368092232638,0,1,0,-0.989368092232638,0,-0.145433070764354,0.421401627806668,0,0.787167681607856,0
-0.14686180169335,0,0.989157020499467,0,1,0,-0.989157020499467,0,-0.14686180169335,0.422273228156294,0,0.787135782097159,0
-0.148296031769067,0,0.988943015022376,0,1,0,-0.988943015022376,0,-0.148296031769067,0.423148324022648,0,0.787102486475059,0
-0.149735735513562,0,0.988726053823916,0,1,0,-0.988726053823916,0,-0.149735735513562,0.424026901570799,0,0.78706777985913,0
-0.151180887377313,0,0.988506114949123,0,1,0,-0.988506114949123,0,-0.151180887377313,0.424908946921358,0,0.787031647375696,0
-0.152631461739071,0,0.988283176466844,0,1,0,-0.988283176466844,0,-0.152631461739071,0.425794446150302,0,0.78699407416061,0
-0.15408743290573,0,0.988057216471051,0,1,0,-0.988057216471051,0,-0.15408743290573,0.42668338528881,0,0.786955045360044,0
-0.155548775112191,0,0.987828213082162,0,1,0,-0.987828213082162,0,-0.155548775112191,0.427575750323091,0,0.786914546131262,0
-0.157015462521246,0,0.987596144448346,0,1,0,-0.987596144448346,0,-0.157015462521246,0.42847152719423,0,0.786872561643405,0
-0.158487469223459,0,0.987360988746843,0,1,0,-0.987360988746843,0,-0.158487469223459,0.429370701798028,0,0.786829077078269,0
-0.159964769237057,0,0.987122724185263,0,1,0,-0.987122724185263,0,-0.159964769237057,0.430273259984851,0,0.786784077631083,0
-0.16144733650783,0,0.986881329002899,0,1,0,-0.986881329002899,0,-0.16144733650783,0.431179187559483,0,0.786737548511285,0
-0.162935144909036,0,0.986636781472022,0,1,0,-0.986636781472022,0,-0.162935144909036,0.43208847028098,0,0.786689474943296,0
-0.164428168241313,0,0.986389059899189,0,1,0,-0.986389059899189,0,-0.164428168241313,0.433001093862537,0,0.7866398421673,0
-0.165926380232596,0,0.986138142626533,0,1,0,-0.986138142626533,0,-0.165926380232596,0.433917043971346,0,0.786588635440009,0
-0.16742975453805,0,0.985884008033059,0,1,0,-0.985884008033059,0,-0.16742975453805,0.434836306228471,0,0.786535840035443,0
-0.168938264739994,0,0.985626634535938,0,1,0,-0.985626634535938,0,-0.168938264739994,0.435758866208722,0,0.786481441245696,0
-0.170451884347852,0,0.985366000591794,0,1,0,-0.985366000591794,0,-0.170451884347852,0.436684709440532,0,0.786425424381704,0
-0.17197058679809,0,0.985102084697987,0,1,0,-0.985102084697987,0,-0.17197058679809,0.437613821405842,0,0.78636777477402,0
-0.173494345454181,0,0.984834865393902,0,1,0,-0.984834865393902,0,-0.173494345454181,0.438546187539987,0,0.786308477773575,0
-0.175023133606561,0,0.984564321262222,0,1,0,-0.984564321262222,0,-0.175023133606561,0.43948179323159,0,0.786247518752444,0
-0.176556924472599,0,0.984290430930209,0,1,0,-0.984290430930209,0,-0.176556924472599,0.440420623822458,0,0.786184883104615,0
-0.178095691196575,0,0.984013173070978,0,1,0,-0.984013173070978,0,-0.178095691196575,0.441362664607484,0,0.786120556246747,0
-0.179639406849663,0,0.983732526404765,0,1,0,-0.983732526404765,0,-0.179639406849663,0.442307900834554,0,0.786054523618935,0
-0.181188044429924,0,0.983448469700197,0,1,0,-0.983448469700197,0,-0.181188044429924,0.443256317704454,0,0.785986770685469,0
-0.182741576862302,0,0.983160981775558,0,1,0,-0.983160981775558,0,-0.182741576862302,0.444207900370789,0,0.785917282935593,0
-0.184299976998632,0,0.982870041500047,0,1,0,-0.982870041500047,0,-0.184299976998632,0.445162633939901,0,0.785846045884262,0
-0.18586321761765,0,0.982575627795039,0,1,0,-0.982575627795039,0,-0.18586321761765,0.446120503470793,0,0.785773045072903,0
-0.187431271425017,0,0.982277719635339,0,1,0,-0.982277719635339,0,-0.187431271425017,0.447081493975062,0,0.785698266070162,0
-0.189004111053348,0,0.981976296050436,0,1,0,-0.981976296050436,0,-0.189004111053348,0.448045590416826,0,0.785621694472664,0
-0.190581709062242,0,0.98167133612575,0,1,0,-0.98167133612575,0,-0.190581709062242,0.449012777712667,0,0.785543315905761,0
-0.19216403793833,0,0.981362819003877,0,1,0,-0.981362819003877,0,-0.19216403793833,0.449983040731575,0,0.785463116024285,0
-0.193751070095323,0,0.981050723885833,0,1,0,-0.981050723885833,0,-0.193751070095323,0.450956364294893,0,0.785381080513296,0
-0.195342777874072,0,0.980735030032292,0,1,0,-0.980735030032292,0,-0.195342777874072,0.451932733176269,0,0.785297195088828,0
-0.196939133542631,0,0.980415716764821,0,1,0,-0.980415716764821,0,-0.196939133542631,0.452912132101619,0,0.785211445498637,0
-0.19854010929633,0,0.980092763467112,0,1,0,-0.980092763467112,0,-0.19854010929633,0.453894545749079,0,0.785123817522946,0
-0.200145677257859,0,0.979766149586213,0,1,0,-0.979766149586213,0,-0.200145677257859,0.454879958748984,0,0.785034296975183,0
-0.201755809477349,0,0.979435854633748,0,1,0,-0.979435854633748,0,-0.201755809477349,0.45586835568383,0,0.784942869702729,0
-0.203370477932476,0,0.979101858187143,0,1,0,-0.979101858187143,0,-0.203370477932476,0.456859721088252,0,0.784849521587652,0
-0.204989654528559,0,0.978764139890843,0,1,0,-0.978764139890843,0,-0.204989654528559,0.45785403944901,0,0.784754238547449,0
-0.206613311098671,0,0.978422679457525,0,1,0,-0.978422679457525,0,-0.206613311098671,0.458851295204971,0,0.784657006535777,0
-0.208241419403759,0,0.978077456669311,0,1,0,-0.978077456669311,0,-0.208241419403759,0.459851472747098,0,0.784557811543193,0
-0.209873951132769,0,0.977728451378971,0,1,0,-0.977728451378971,0,-0.209873951132769,0.46085455641845,0,0.784456639597886,0
-0.211510877902779,0,0.97737564351113,0,1,0,-0.97737564351113,0,-0.211510877902779,0.46186053051418,0,0.784353476766405,0
-0.213152171259142,0,0.977019013063468,0,1,0,-0.977019013063468,0,-0.213152171259142,0.462869379281539,0,0.784248309154391,0
-0.214797802675635,0,0.976658540107913,0,1,0,-0.976658540107913,0,-0.214797802675635,0.46388108691989,0,0.784141122907303,0
-0.216447743554612,0,0.976294204791833,0,1,0,-0.976294204791833,0,-0.216447743554612,0.464895637580718,0,0.784031904211146,0
-0.218101965227173,0,0.975925987339227,0,1,0,-0.975925987339227,0,-0.218101965227173,0.465913015367653,0,0.783920639293194,0
-0.219760438953333,0,0.975553868051907,0,1,0,-0.975553868051907,0,-0.219760438953333,0.466933204336494,0,0.783807314422711,0
-0.221423135922202,0,0.97517782731068,0,1,0,-0.97517782731068,0,-0.221423135922202,0.467956188495238,0,0.783691915911674,0
-0.223090027252173,0,0.97479784557652,0,1,0,-0.97479784557652,0,-0.223090027252173,0.468981951804115,0,0.783574430115488,0
-0.224761083991117,0,0.974413903391746,0,1,0,-0.974413903391746,0,-0.224761083991117,0.470010478175626,0,0.783454843433706,0
-0.226436277116585,0,0.974025981381185,0,1,0,-0.974025981381185,0,-0.226436277116585,0.471041751474588,0,0.783333142310742,0
-0.228115577536018,0,0.973634060253342,0,1,0,-0.973634060253342,0,-0.228115577536018,0.472075755518185,0,0.783209313236584,0
-0.229798956086967,0,0.973238120801554,0,1,0,-0.973238120801554,0,-0.229798956086967,0.473112474076019,0,0.783083342747503,0
-0.231486383537318,0,0.972838143905148,0,1,0,-0.972838143905148,0,-0.231486383537318,0.474151890870168,0,0.782955217426766,0
-0.233177830585523,0,0.972434110530595,0,1,0,-0.972434110530595,0,-0.233177830585523,0.475193989575255,0,0.782824923905339,0
-0.234873267860846,0,0.972026001732653,0,1,0,-0.972026001732653,0,-0.234873267860846,0.476238753818511,0,0.782692448862592,0
-0.236572665923608,0,0.971613798655514,0,1,0,-0.971613798655514,0,-0.236572665923608,0.477286167179852,0,0.782557779027004,0
-0.238275995265446,0,0.971197482533939,0,1,0,-0.971197482533939,0,-0.238275995265446,0.478336213191957,0,0.782420901176859,0
-0.239983226309576,0,0.970777034694397,0,1,0,-0.970777034694397,0,-0.239983226309576,0.47938887534035,0,0.782281802140952,0
-0.241694329411066,0,0.97035243655619,0,1,0,-0.97035243655619,0,-0.241694329411066,0.480444137063489,0,0.782140468799277,0
-0.243409274857117,0,0.969923669632581,0,1,0,-0.969923669632581,0,-0.243409274857117,0.481501981752862,0,0.781996888083727,0
-0.245128032867345,0,0.969490715531916,0,1,0,-0.969490715531916,0,-0.245128032867345,0.482562392753081,0,0.781851046978781,0
-0.246850573594086,0,0.969053555958736,0,1,0,-0.969053555958736,0,-0.246850573594086,0.483625353361988,0,0.781702932522199,0
-0.24857686712269,0,0.968612172714894,0,1,0,-0.968612172714894,0,-0.24857686712269,0.484690846830762,0,0.781552531805706,0
-0.250306883471836,0,0.968166547700661,0,1,0,-0.968166547700661,0,-0.250306883471836,0.485758856364031,0,0.781399831975678,0
-0.252040592593849,0,0.967716662915825,0,1,0,-0.967716662915825,0,-0.252040592593849,0.486829365119993,0,0.781244820233826,0
-0.253777964375028,0,0.967262500460794,0,1,0,-0.967262500460794,0,-0.253777964375028,0.487902356210537,0,0.781087483837875,0
-0.255518968635978,0,0.966804042537683,0,1,0,-0.966804042537683,0,-0.255518968635978,0.48897781270137,0,0.780927810102241,0
-0.257263575131951,0,0.96634127145141,0,1,0,-0.96634127145141,0,-0.257263575131951,0.490055717612152,0,0.780765786398714,0
-0.259011753553197,0,0.965874169610772,0,1,0,-0.965874169610772,0,-0.259011753553197,0.491136053916632,0,0.78060140015712,0
-0.26076347352532,0,0.965402719529529,0,1,0,-0.965402719529529,0,-0.26076347352532,0.492218804542789,0,0.780434638866005,0
-0.262518704609641,0,0.964926903827474,0,1,0,-0.964926903827474,0,-0.262518704609641,0.493303952372984,0,0.780265490073291,0
-0.264277416303574,0,0.964446705231506,0,1,0,-0.964446705231506,0,-0.264277416303574,0.49439148024411,0,0.780093941386954,0
-0.266039578041001,0,0.963962106576688,0,1,0,-0.963962106576688,0,-0.266039578041001,0.495481370947748,0,0.779919980475677,0
-0.267805159192662,0,0.963473090807311,0,1,0,-0.963473090807311,0,-0.267805159192662,0.49657360723033,0,0.779743595069522,0
-0.269574129066551,0,0.962979640977944,0,1,0,-0.962979640977944,0,-0.269574129066551,0.49766817179331,0,0.779564772960577,0
-0.271346456908314,0,0.962481740254486,0,1,0,-0.962481740254486,0,-0.271346456908314,0.49876504729333,0,0.779383502003622,0
-0.273122111901666,0,0.961979371915206,0,1,0,-0.961979371915206,0,-0.273122111901666,0.499864216342401,0,0.779199770116778,0
-0.274901063168803,0,0.961472519351781,0,1,0,-0.961472519351781,0,-0.274901063168803,0.500965661508084,0,0.779013565282157,0
-0.27668327977083,0,0.960961166070334,0,1,0,-0.960961166070334,0,-0.27668327977083,0.502069365313674,0,0.778824875546513,0
-0.278468730708194,0,0.960445295692455,0,1,0,-0.960445295692455,0,-0.278468730708194,0.503175310238399,0,0.778633689021885,0
-0.280257384921121,0,0.959924891956227,0,1,0,-0.959924891956227,0,-0.280257384921121,0.504283478717607,0,0.778439993886242,0
-0.28204921129007,0,0.959399938717243,0,1,0,-0.959399938717243,0,-0.28204921129007,0.505393853142976,0,0.778243778384121,0
-0.283844178636184,0,0.958870419949615,0,1,0,-0.958870419949615,0,-0.283844178636184,0.506506415862712,0,0.778045030827267,0
-0.285642255721752,0,0.958336319746982,0,1,0,-0.958336319746982,0,-0.285642255721752,0.507621149181769,0,0.777843739595264,0
-0.287443411250683,0,0.957797622323511,0,1,0,-0.957797622323511,0,-0.287443411250683,0.508738035362058,0,0.77763989313617,0
-0.289247613868983,0,0.95725431201489,0,1,0,-0.95725431201489,0,-0.289247613868983,0.509857056622669,0,0.777433479967145,0
-0.291054832165238,0,0.956706373279318,0,1,0,-0.956706373279318,0,-0.291054832165238,0.510978195140101,0,0.777224488675074,0
-0.292865034671108,0,0.956153790698489,0,1,0,-0.956153790698489,0,-0.292865034671108,0.512101433048488,0,0.777012907917196,0
-0.294678189861827,0,0.955596548978572,0,1,0,-0.955596548978572,0,-0.294678189861827,0.513226752439833,0,0.77679872642172,0
-0.296494266156711,0,0.955034632951179,0,1,0,-0.955034632951179,0,-0.296494266156711,0.514354135364255,0,0.776581932988443,0
-0.298313231919672,0,0.954468027574334,0,1,0,-0.954468027574334,0,-0.298313231919672,0.515483563830226,0,0.776362516489364,0
-0.30013505545974,0,0.953896717933435,0,1,0,-0.953896717933435,0,-0.30013505545974,0.516615019804825,0,0.776140465869298,0
-0.301959705031592,0,0.953320689242206,0,1,0,-0.953320689242206,0,-0.301959705031592,0.517748485213993,0,0.77591577014648,0
-0.303787148836091,0,0.952739926843647,0,1,0,-0.952739926843647,0,-0.303787148836091,0.518883941942788,0,0.775688418413174,0
-0.305617355020826,0,0.952154416210981,0,1,0,-0.952154416210981,0,-0.305617355020826,0.520021371835652,0,0.775458399836273,0
-0.307450291680667,0,0.951564142948584,0,1,0,-0.951564142948584,0,-0.307450291680667,0.521160756696682,0,0.7752257036579,0
-0.309285926858319,0,0.950969092792921,0,1,0,-0.950969092792921,0,-0.309285926858319,0.522302078289896,0,0.774990319196,0
-0.311124228544893,0,0.950369251613469,0,1,0,-0.950369251613469,0,-0.311124228544893,0.523445318339518,0,0.774752235844939,0
-0.312965164680473,0,0.949764605413638,0,1,0,-0.949764605413638,0,-0.312965164680473,0.524590458530259,0,0.774511443076086,0
-0.314808703154701,0,0.949155140331682,0,1,0,-0.949155140331682,0,-0.314808703154701,0.525737480507602,0,0.774267930438407,0
-0.316654811807358,0,0.948540842641605,0,1,0,-0.948540842641605,0,-0.316654811807358,0.526886365878096,0,0.774021687559042,0
-0.318503458428963,0,0.947921698754064,0,1,0,-0.947921698754064,0,-0.318503458428963,0.528037096209653,0,0.773772704143889,0
-0.320354610761371,0,0.947297695217259,0,1,0,-0.947297695217259,0,-0.320354610761371,0.529189653031848,0,0.773520969978177,0
-0.322208236498384,0,0.946668818717825,0,1,0,-0.946668818717825,0,-0.322208236498384,0.530344017836227,0,0.773266474927042,0
-0.324064303286361,0,0.946035056081711,0,1,0,-0.946035056081711,0,-0.324064303286361,0.531500172076617,0,0.773009208936097,0
-0.325922778724844,0,0.945396394275056,0,1,0,-0.945396394275056,0,-0.325922778724844,0.532658097169438,0,0.772749162031996,0
-0.327783630367185,0,0.944752820405056,0,1,0,-0.944752820405056,0,-0.327783630367185,0.533817774494027,0,0.772486324322998,0
-0.329646825721183,0,0.94410432172083,0,1,0,-0.94410432172083,0,-0.329646825721183,0.534979185392963,0,0.772220685999529,0
-0.331512332249723,0,0.943450885614269,0,1,0,-0.943450885614269,0,-0.331512332249723,0.53614231117239,0,0.771952237334734,0
-0.333380117371432,0,0.942792499620892,0,1,0,-0.942792499620892,0,-0.333380117371432,0.537307133102356,0,0.771680968685035,0
-0.335250148461325,0,0.942129151420685,0,1,0,-0.942129151420685,0,-0.335250148461325,0.538473632417148,0,0.771406870490675,0
-0.337122392851479,0,0.941460828838934,0,1,0,-0.941460828838934,0,-0.337122392851479,0.539641790315637,0,0.771129933276266,0
-0.338996817831693,0,0.940787519847062,0,1,0,-0.940787519847062,0,-0.338996817831693,0.540811587961621,0,0.770850147651332,0
-0.340873390650172,0,0.940109212563442,0,1,0,-0.940109212563442,0,-0.340873390650172,0.541983006484181,0,0.770567504310845,0
-0.342752078514203,0,0.939425895254221,0,1,0,-0.939425895254221,0,-0.342752078514203,0.543156026978033,0,0.770281994035763,0
-0.344632848590848,0,0.938737556334121,0,1,0,-0.938737556334121,0,-0.344632848590848,0.544330630503887,0,0.769993607693559,0
-0.346515668007641,0,0.93804418436725,0,1,0,-0.93804418436725,0,-0.346515668007641,0.545506798088819,0,0.769702336238749,0
-0.348400503853287,0,0.937345768067886,0,1,0,-0.937345768067886,0,-0.348400503853287,0.546684510726631,0,0.769408170713414,0
-0.350287323178374,0,0.936642296301277,0,1,0,-0.936642296301277,0,-0.350287323178374,0.547863749378229,0,0.769111102247727,0
-0.352176092996086,0,0.935933758084413,0,1,0,-0.935933758084413,0,-0.352176092996086,0.549044494972,0,0.768811122060459,0
-0.354066780282929,0,0.935220142586803,0,1,0,-0.935220142586803,0,-0.354066780282929,0.550226728404194,0,0.768508221459501,0
-0.355959351979452,0,0.934501439131245,0,1,0,-0.934501439131245,0,-0.355959351979452,0.551410430539308,0,0.768202391842367,0
-0.35785377499099,0,0.933777637194583,0,1,0,-0.933777637194583,0,-0.35785377499099,0.552595582210481,0,0.767893624696701,0
-0.359750016188397,0,0.933048726408459,0,1,0,-0.933048726408459,0,-0.359750016188397,0.553782164219884,0,0.767581911600778,0
-0.361648042408797,0,0.932314696560064,0,1,0,-0.932314696560064,0,-0.361648042408797,0.55497015733912,0,0.767267244224002,0
-0.363547820456339,0,0.93157553759287,0,1,0,-0.93157553759287,0,-0.363547820456339,0.556159542309631,0,0.766949614327399,0
-0.365449317102953,0,0.930831239607366,0,1,0,-0.930831239607366,0,-0.365449317102953,0.557350299843099,0,0.766629013764102,0
