L1 = 152;
L2 = 120;
L3 = 244;
L4 = 93;
L5 = 213;
L6 = 104;
L7 = 85;
L8 = 92;

q1 =      [0, -300,  88]'
q2 = q1 + [0,    0,  L1]' + [0,  -L2,   0]'
q3 = q2 + [L3,   0,   0]' + [0,  -L4,   0]'
q4 = q3 + [L5,   0,   0]' + [0,  -L6,   0]'
q5 = q4 + [0,    0, -L7]' 
q6 = q5 + [0,  -L8,   0]'

w1 = [0,0,1]'
w2 = [0,1,0]'
w3 = [0,1,0]'
w4 = [0,1,0]'
w5 = [0,0,1]'
w6 = [0,1,0]'