1.11022302462516e-16,0,1,0,1,0,-1,0,1.11022302462516e-16,0.307698448916085,0,0.490501551083915,0
-2.35933843892328e-06,0,0.999999999997217,0,1,0,-0.999999999997217,0,-2.35933843892328e-06,0.307700528592021,0,0.490500828616534,0
-9.43105168326998e-06,0,0.999999999955528,0,1,0,-0.999999999955528,0,-9.43105168326998e-06,0.307706762064769,0,0.490498663144187,0
-2.1205686622815e-05,0,0.999999999775159,0,1,0,-0.999999999775159,0,-2.1205686622815e-05,0.307717141001738,0,0.490495057561568,0
-3.76737901440593e-05,0,0.999999999290343,0,1,0,-0.999999999290343,0,-3.76737901440593e-05,0.307731657070336,0,0.490490014763372,0
-5.8825909126245e-05,0,0.999999998269756,0,1,0,-0.999999998269756,0,-5.8825909126245e-05,0.307750301937971,0,0.490483537644291,0
-8.4652590435967e-05,0,0.999999996416969,0,1,0,-0.999999996416969,0,-8.4652590435967e-05,0.307773067272052,0,0.490475629099021,0
-0.000115144380920294,0,0.999999993370886,0,1,0,-0.999999993370886,0,-0.000115144380920294,0.307799944739988,0,0.490466292022255,0
-0.000150291827398419,0,0.999999988706183,0,1,0,-0.999999988706183,0,-0.000150291827398419,0.307830926009187,0,0.490455529308686,0
-0.000190085476651862,0,0.999999981933756,0,1,0,-0.999999981933756,0,-0.000190085476651862,0.307866002747059,0,0.490443343853011,0
-0.000234515875413243,0,0.999999972501152,0,1,0,-0.999999972501152,0,-0.000234515875413243,0.307905166621011,0,0.490429738549921,0
-0.000283573570353653,0,0.999999959793014,0,1,0,-0.999999959793014,0,-0.000283573570353653,0.307948409298452,0,0.490414716294112,0
-0.00033724910806864,0,0.999999943131518,0,1,0,-0.999999943131518,0,-0.00033724910806864,0.307995722446791,0,0.490398279980276,0
-0.000395533035062824,0,0.999999921776806,0,1,0,-0.999999921776806,0,-0.000395533035062824,0.308047097733437,0,0.490380432503109,0
-0.00045841589773318,0,0.999999894927427,0,1,0,-0.999999894927427,0,-0.00045841589773318,0.308102526825797,0,0.490361176757305,0
-0.000525888242350993,0,0.999999861720769,0,1,0,-0.999999861720769,0,-0.000525888242350993,0.308162001391282,0,0.490340515637556,0
-0.000597940615042509,0,0.999999821233495,0,1,0,-0.999999821233495,0,-0.000597940615042509,0.308225513097298,0,0.490318452038558,0
-0.000674563561768312,0,0.999999772481975,0,1,0,-0.999999772481975,0,-0.000674563561768312,0.308293053611255,0,0.490294988855004,0
-0.000755747628301436,0,0.99999971442272,0,1,0,-0.99999971442272,0,-0.000755747628301436,0.308364614600562,0,0.490270128981589,0
-0.000841483360204237,0,0.999999645952815,0,1,0,-0.999999645952815,0,-0.000841483360204237,0.308440187732626,0,0.490243875313005,0
-0.000931761302804048,0,0.999999565910343,0,1,0,-0.999999565910343,0,-0.000931761302804048,0.308519764674857,0,0.490216230743949,0
-0.00102657200116763,0,0.999999473074824,0,1,0,-0.999999473074824,0,-0.00102657200116763,0.308603337094664,0,0.490187198169112,0
-0.00112590600007446,0,0.999999366167639,0,1,0,-0.999999366167639,0,-0.00112590600007446,0.308690896659454,0,0.49015678048319,0
-0.00122975384398881,0,0.999999243852456,0,1,0,-0.999999243852456,0,-0.00122975384398881,0.308782435036637,0,0.490124980580876,0
-0.00133810607703075,0,0.999999104735663,0,1,0,-0.999999104735663,0,-0.00133810607703075,0.308877943893621,0,0.490091801356865,0
-0.00145095324294602,0,0.999998947366789,0,1,0,-0.999998947366789,0,-0.00145095324294602,0.308977414897814,0,0.49005724570585,0
-0.00156828588507472,0,0.999998770238935,0,1,0,-0.999998770238935,0,-0.00156828588507472,0.309080839716625,0,0.490021316522525,0
-0.00169009454631904,0,0.999998571789192,0,1,0,-0.999998571789192,0,-0.00169009454631904,0.309188210017464,0,0.489984016701585,0
-0.00181636976910985,0,0.99999835039907,0,1,0,-0.99999835039907,0,-0.00181636976910985,0.309299517467738,0,0.489945349137723,0
-0.00194710209537224,0,0.999998104394918,0,1,0,-0.999998104394918,0,-0.00194710209537224,0.309414753734856,0,0.489905316725634,0
-0.00208228206649011,0,0.999997832048348,0,1,0,-0.999997832048348,0,-0.00208228206649011,0.309533910486226,0,0.489863922360012,0
-0.00222190022326966,0,0.999997531576652,0,1,0,-0.999997531576652,0,-0.00222190022326966,0.309656979389258,0,0.489821168935549,0
-0.00236594710590199,0,0.999997201143229,0,1,0,-0.999997201143229,0,-0.00236594710590199,0.30978395211136,0,0.489777059346942,0
-0.00251441325392461,0,0.999996838857998,0,1,0,-0.999996838857998,0,-0.00251441325392461,0.30991482031994,0,0.489731596488882,0
-0.00266728920618217,0,0.999996442777818,0,1,0,-0.999996442777818,0,-0.00266728920618217,0.310049575682407,0,0.489684783256066,0
-0.00282456550078609,0,0.999996010906909,0,1,0,-0.999996010906909,0,-0.00282456550078609,0.31018820986617,0,0.489636622543186,0
-0.00298623267507338,0,0.999995541197265,0,1,0,-0.999995541197265,0,-0.00298623267507338,0.310330714538637,0,0.489587117244936,0
-0.00315228126556453,0,0.999995031549069,0,1,0,-0.999995031549069,0,-0.00315228126556453,0.310477081367217,0,0.489536270256011,0
-0.00332270180792056,0,0.999994479811112,0,1,0,-0.999994479811112,0,-0.00332270180792056,0.310627302019318,0,0.489484084471105,0
-0.00349748483689916,0,0.999993883781204,0,1,0,-0.999993883781204,0,-0.00349748483689916,0.31078136816235,0,0.489430562784911,0
-0.00367662088631003,0,0.999993241206589,0,1,0,-0.999993241206589,0,-0.00367662088631003,0.31093927146372,0,0.489375708092124,0
-0.00386010048896938,0,0.999992549784355,0,1,0,-0.999992549784355,0,-0.00386010048896938,0.311101003590837,0,0.489319523287437,0
-0.00404791417665365,0,0.999991807161848,0,1,0,-0.999991807161848,0,-0.00404791417665365,0.311266556211111,0,0.489262011265545,0
-0.0042400524800524,0,0.999991010937082,0,1,0,-0.999991010937082,0,-0.0042400524800524,0.311435920991948,0,0.489203174921142,0
-0.00443650592872049,0,0.999990158659146,0,1,0,-0.999990158659146,0,-0.00443650592872049,0.311609089600759,0,0.489143017148922,0
-0.00463726505102946,0,0.999989247828619,0,1,0,-0.999989247828619,0,-0.00463726505102946,0.311786053704952,0,0.489081540843578,0
-0.0048423203741182,0,0.99998827589797,0,1,0,-0.99998827589797,0,-0.0048423203741182,0.311966804971935,0,0.489018748899804,0
-0.0050516624238429,0,0.999987240271972,0,1,0,-0.999987240271972,0,-0.0050516624238429,0.312151335069116,0,0.488954644212296,0
-0.0052652817247263,0,0.999986138308106,0,1,0,-0.999986138308106,0,-0.0052652817247263,0.312339635663905,0,0.488889229675746,0
-0.00548316879990624,0,0.999984967316965,0,1,0,-0.999984967316965,0,-0.00548316879990624,0.312531698423711,0,0.488822508184849,0
-0.00570531417108362,0,0.99998372456266,0,1,0,-0.99998372456266,0,-0.00570531417108362,0.312727515015941,0,0.488754482634299,0
-0.00593170835846957,0,0.999982407263223,0,1,0,-0.999982407263223,0,-0.00593170835846957,0.312927077108004,0,0.48868515591879,0
-0.00616234188073216,0,0.999981012591012,0,1,0,-0.999981012591012,0,-0.00616234188073216,0.313130376367309,0,0.488614530933015,0
-0.00639720525494233,0,0.99997953767311,0,1,0,-0.99997953767311,0,-0.00639720525494233,0.313337404461265,0,0.488542610571669,0
-0.00663628899651936,0,0.999977979591728,0,1,0,-0.999977979591728,0,-0.00663628899651936,0.313548153057279,0,0.488469397729446,0
-0.00687958361917564,0,0.999976335384606,0,1,0,-0.999976335384606,0,-0.00687958361917564,0.313762613822762,0,0.48839489530104,0
-0.00712707963486102,0,0.999974602045411,0,1,0,-0.999974602045411,0,-0.00712707963486102,0.31398077842512,0,0.488319106181144,0
-0.00737876755370641,0,0.999972776524135,0,1,0,-0.999972776524135,0,-0.00737876755370641,0.314202638531764,0,0.488242033264454,0
-0.00763463788396704,0,0.999970855727496,0,1,0,-0.999970855727496,0,-0.00763463788396704,0.314428185810101,0,0.488163679445662,0
-0.00789468113196509,0,0.999968836519331,0,1,0,-0.999968836519331,0,-0.00789468113196509,0.314657411927541,0,0.488084047619463,0
-0.00815888780203185,0,0.999966715720995,0,1,0,-0.999966715720995,0,-0.00815888780203185,0.31489030855149,0,0.488003140680551,0
-0.0084272483964494,0,0.999964490111756,0,1,0,-0.999964490111756,0,-0.0084272483964494,0.31512686734936,0,0.48792096152362,0
-0.0086997534153918,0,0.999962156429188,0,1,0,-0.999962156429188,0,-0.0086997534153918,0.315367079988557,0,0.487837513043364,0
-0.00897639335686586,0,0.999959711369565,0,1,0,-0.999959711369565,0,-0.00897639335686586,0.315610938136491,0,0.487752798134477,0
-0.00925715871665143,0,0.999957151588254,0,1,0,-0.999957151588254,0,-0.00925715871665143,0.31585843346057,0,0.487666819691653,0
-0.00954203998824127,0,0.999954473700109,0,1,0,-0.999954473700109,0,-0.00954203998824127,0.316109557628202,0,0.487579580609586,0
-0.00983102766278056,0,0.999951674279859,0,1,0,-0.999951674279859,0,-0.00983102766278056,0.316364302306797,0,0.487491083782969,0
-0.010124112229006,0,0.999948749862499,0,1,0,-0.999948749862499,0,-0.010124112229006,0.316622659163763,0,0.487401332106498,0
-0.0104212841731844,0,0.99994569694368,0,1,0,-0.99994569694368,0,-0.0104212841731844,0.316884619866508,0,0.487310328474866,0
-0.0107225339790511,0,0.999942511980098,0,1,0,-0.999942511980098,0,-0.0107225339790511,0.317150176082442,0,0.487218075782766,0
-0.0110278521277482,0,0.999939191389881,0,1,0,-0.999939191389881,0,-0.0110278521277482,0.317419319478972,0,0.487124576924894,0
-0.0113372290977615,0,0.999935731552976,0,1,0,-0.999935731552976,0,-0.0113372290977615,0.317692041723507,0,0.487029834795943,0
-0.0116506553648589,0,0.999932128811535,0,1,0,-0.999932128811535,0,-0.0116506553648589,0.317968334483457,0,0.486933852290607,0
-0.0119681214020263,0,0.999928379470303,0,1,0,-0.999928379470303,0,-0.0119681214020263,0.318248189426229,0,0.48683663230358,0
-0.0122896176794053,0,0.999924479796997,0,1,0,-0.999924479796997,0,-0.0122896176794053,0.318531598219232,0,0.486738177729556,0
-0.0126151346642292,0,0.999920426022693,0,1,0,-0.999920426022693,0,-0.0126151346642292,0.318818552529875,0,0.486638491463229,0
-0.0129446628207589,0,0.99991621434221,0,1,0,-0.99991621434221,0,-0.0129446628207589,0.319109044025566,0,0.486537576399293,0
-0.0132781926102198,0,0.999911840914491,0,1,0,-0.999911840914491,0,-0.0132781926102198,0.319403064373715,0,0.486435435432443,0
-0.0136157144907365,0,0.999907301862981,0,1,0,-0.999907301862981,0,-0.0136157144907365,0.319700605241728,0,0.486332071457371,0
-0.0139572189172689,0,0.999902593276013,0,1,0,-0.999902593276013,0,-0.0139572189172689,0.320001658297016,0,0.486227487368773,0
-0.0143026963415475,0,0.999897711207182,0,1,0,-0.999897711207182,0,-0.0143026963415475,0.320306215206987,0,0.486121686061342,0
-0.0146521372120081,0,0.999892651675729,0,1,0,-0.999892651675729,0,-0.0146521372120081,0.320614267639049,0,0.486014670429772,0
-0.0150055319737272,0,0.999887410666914,0,1,0,-0.999887410666914,0,-0.0150055319737272,0.320925807260611,0,0.485906443368757,0
-0.0153628710683565,0,0.999881984132396,0,1,0,-0.999881984132396,0,-0.0153628710683565,0.321240825739082,0,0.485797007772992,0
-0.0157241449340575,0,0.99987636799061,0,1,0,-0.99987636799061,0,-0.0157241449340575,0.321559314741869,0,0.485686366537169,0
-0.0160893440054362,0,0.999870558127138,0,1,0,-0.999870558127138,0,-0.0160893440054362,0.321881265936383,0,0.485574522555984,0
-0.0164584587134771,0,0.999864550395091,0,1,0,-0.999864550395091,0,-0.0164584587134771,0.322206670990031,0,0.485461478724131,0
-0.0168314794854779,0,0.999858340615474,0,1,0,-0.999858340615474,0,-0.0168314794854779,0.322535521570222,0,0.485347237936302,0
-0.0172083967449831,0,0.999851924577568,0,1,0,-0.999851924577568,0,-0.0172083967449831,0.322867809344364,0,0.485231803087193,0
-0.0175892009117185,0,0.999845298039295,0,1,0,-0.999845298039295,0,-0.0175892009117185,0.323203525979867,0,0.485115177071497,0
-0.017973882401525,0,0.999838456727594,0,1,0,-0.999838456727594,0,-0.017973882401525,0.323542663144138,0,0.484997362783908,0
-0.0183624316262926,0,0.999831396338788,0,1,0,-0.999831396338788,0,-0.0183624316262926,0.323885212504587,0,0.484878363119121,0
-0.018754838993894,0,0.999824112538957,0,1,0,-0.999824112538957,0,-0.018754838993894,0.324231165728622,0,0.484758180971829,0
-0.019151094908119,0,0.999816600964307,0,1,0,-0.999816600964307,0,-0.019151094908119,0.324580514483651,0,0.484636819236726,0
-0.0195511897686077,0,0.999808857221535,0,1,0,-0.999808857221535,0,-0.0195511897686077,0.324933250437084,0,0.484514280808507,0
-0.0199551139707848,0,0.9998008768882,0,1,0,-0.9998008768882,0,-0.0199551139707848,0.325289365256328,0,0.484390568581865,0
-0.0203628579057932,0,0.999792655513086,0,1,0,-0.999792655513086,0,-0.0203628579057932,0.325648850608793,0,0.484265685451494,0
-0.0207744119604276,0,0.999784188616573,0,1,0,-0.999784188616573,0,-0.0207744119604276,0.326011698161886,0,0.484139634312089,0
-0.021189766517069,0,0.999775471690995,0,1,0,-0.999775471690995,0,-0.021189766517069,0.326377899583018,0,0.484012418058344,0
-0.0216089119536178,0,0.999766500201012,0,1,0,-0.999766500201012,0,-0.0216089119536178,0.326747446539595,0,0.483884039584951,0
-0.0220318386434284,0,0.999757269583967,0,1,0,-0.999757269583967,0,-0.0220318386434284,0.327120330699027,0,0.483754501786607,0
-0.022458536955243,0,0.999747775250253,0,1,0,-0.999747775250253,0,-0.022458536955243,0.327496543728723,0,0.483623807558003,0
-0.0228889972531255,0,0.99973801258367,0,1,0,-0.99973801258367,0,-0.0228889972531255,0.327876077296091,0,0.483491959793835,0
-0.0233232098963959,0,0.999727976941792,0,1,0,-0.999727976941792,0,-0.0233232098963959,0.328258923068539,0,0.483358961388797,0
-0.0237611652395644,0,0.999717663656324,0,1,0,-0.999717663656324,0,-0.0237611652395644,0.328645072713477,0,0.483224815237582,0
-0.024202853632266,0,0.999707068033459,0,1,0,-0.999707068033459,0,-0.024202853632266,0.329034517898312,0,0.483089524234885,0
-0.0246482654191948,0,0.999696185354243,0,1,0,-0.999696185354243,0,-0.0246482654191948,0.329427250290454,0,0.482953091275399,0
-0.0250973909400387,0,0.999685010874927,0,1,0,-0.999685010874927,0,-0.0250973909400387,0.329823261557311,0,0.482815519253819,0
-0.0255502205294143,0,0.999673539827327,0,1,0,-0.999673539827327,0,-0.0255502205294143,0.330222543366291,0,0.482676811064838,0
-0.0260067445168015,0,0.99966176741918,0,1,0,-0.99966176741918,0,-0.0260067445168015,0.330625087384804,0,0.482536969603151,0
-0.0264669532264791,0,0.999649688834497,0,1,0,-0.999649688834497,0,-0.0264669532264791,0.331030885280257,0,0.482395997763451,0
-0.0269308369774596,0,0.999637299233924,0,1,0,-0.999637299233924,0,-0.0269308369774596,0.33143992872006,0,0.482253898440434,0
-0.0273983860834248,0,0.999624593755087,0,1,0,-0.999624593755087,0,-0.0273983860834248,0.331852209371621,0,0.482110674528791,0
-0.0278695908526618,0,0.999611567512954,0,1,0,-0.999611567512954,0,-0.0278695908526618,0.332267718902349,0,0.481966328923219,0
-0.0283444415879983,0,0.99959821560018,0,1,0,-0.99959821560018,0,-0.0283444415879983,0.332686448979651,0,0.481820864518409,0
-0.0288229285867391,0,0.999584533087464,0,1,0,-0.999584533087464,0,-0.0288229285867391,0.333108391270938,0,0.481674284209058,0
-0.0293050421406023,0,0.999570515023896,0,1,0,-0.999570515023896,0,-0.0293050421406023,0.333533537443617,0,0.481526590889858,0
-0.0297907725356558,0,0.99955615643731,0,1,0,-0.99955615643731,0,-0.0297907725356558,0.333961879165097,0,0.481377787455504,0
-0.0302801100522542,0,0.999541452334631,0,1,0,-0.999541452334631,0,-0.0302801100522542,0.334393408102787,0,0.48122787680069,0
-0.0307730449649759,0,0.999526397702224,0,1,0,-0.999526397702224,0,-0.0307730449649759,0.334828115924095,0,0.481076861820109,0
-0.0312695675425601,0,0.999510987506241,0,1,0,-0.999510987506241,0,-0.0312695675425601,0.33526599429643,0,0.480924745408456,0
-0.0317696680478451,0,0.999495216692971,0,1,0,-0.999495216692971,0,-0.0317696680478451,0.3357070348872,0,0.480771530460425,0
-0.0322733367377056,0,0.999479080189183,0,1,0,-0.999479080189183,0,-0.0322733367377056,0.336151229363814,0,0.48061721987071,0
-0.0327805638629911,0,0.99946257290247,0,1,0,-0.99946257290247,0,-0.0327805638629911,0.336598569393681,0,0.480461816534004,0
-0.0332913396684644,0,0.999445689721597,0,1,0,-0.999445689721597,0,-0.0332913396684644,0.33704904664421,0,0.480305323345002,0
-0.0338056543927408,0,0.999428425516844,0,1,0,-0.999428425516844,0,-0.0338056543927408,0.337502652782808,0,0.480147743198398,0
-0.0343234982682266,0,0.999410775140348,0,1,0,-0.999410775140348,0,-0.0343234982682266,0.337959379476884,0,0.479989078988886,0
-0.0348448615210592,0,0.999392733426443,0,1,0,-0.999392733426443,0,-0.0348448615210592,0.338419218393848,0,0.47982933361116,0
-0.0353697343710468,0,0.999374295192007,0,1,0,-0.999374295192007,0,-0.0353697343710468,0.338882161201107,0,0.479668509959913,0
-0.0358981070316084,0,0.999355455236798,0,1,0,-0.999355455236798,0,-0.0358981070316084,0.339348199566071,0,0.47950661092984,0
-0.0364299697097146,0,0.999336208343793,0,1,0,-0.999336208343793,0,-0.0364299697097146,0.339817325156147,0,0.479343639415635,0
-0.0369653126058287,0,0.999316549279533,0,1,0,-0.999316549279533,0,-0.0369653126058287,0.340289529638745,0,0.479179598311992,0
-0.0375041259138478,0,0.999296472794455,0,1,0,-0.999296472794455,0,-0.0375041259138478,0.340764804681273,0,0.479014490513605,0
-0.0380463998210445,0,0.999275973623232,0,1,0,-0.999275973623232,0,-0.0380463998210445,0.34124314195114,0,0.478848318915168,0
-0.0385921245080093,0,0.999255046485109,0,1,0,-0.999255046485109,0,-0.0385921245080093,0.341724533115754,0,0.478681086411375,0
-0.039141290148593,0,0.999233686084243,0,1,0,-0.999233686084243,0,-0.039141290148593,0.342208969842523,0,0.478512795896919,0
-0.0396938869098498,0,0.99921188711003,0,1,0,-0.99921188711003,0,-0.0396938869098498,0.342696443798858,0,0.478343450266496,0
-0.0402499049519806,0,0.999189644237447,0,1,0,-0.999189644237447,0,-0.0402499049519806,0.343186946652165,0,0.478173052414798,0
-0.0408093344282768,0,0.999166952127381,0,1,0,-0.999166952127381,0,-0.0408093344282768,0.343680470069854,0,0.478001605236521,0
-0.0413721654850649,0,0.999143805426965,0,1,0,-0.999143805426965,0,-0.0413721654850649,0.344177005719334,0,0.477829111626357,0
-0.0419383882616508,0,0.999120198769905,0,1,0,-0.999120198769905,0,-0.0419383882616508,0.344676545268012,0,0.477655574479002,0
-0.0425079928902654,0,0.999096126776819,0,1,0,-0.999096126776819,0,-0.0425079928902654,0.345179080383298,0,0.477480996689149,0
-0.0430809694960101,0,0.999071584055559,0,1,0,-0.999071584055559,0,-0.0430809694960101,0.345684602732599,0,0.477305381151491,0
-0.0436573081968031,0,0.999046565201547,0,1,0,-0.999046565201547,0,-0.0436573081968031,0.346193103983326,0,0.477128730760724,0
-0.0442369991033258,0,0.999021064798101,0,1,0,-0.999021064798101,0,-0.0442369991033258,0.346704575802886,0,0.47695104841154,0
-0.0448200323189704,0,0.998995077416764,0,1,0,-0.998995077416764,0,-0.0448200323189704,0.347219009858687,0,0.476772336998635,0
-0.0454063979397871,0,0.99896859761763,0,1,0,-0.99896859761763,0,-0.0454063979397871,0.34773639781814,0,0.476592599416702,0
-0.0459960860544325,0,0.998941619949671,0,1,0,-0.998941619949671,0,-0.0459960860544325,0.348256731348651,0,0.476411838560435,0
-0.0465890867441181,0,0.998914138951066,0,1,0,-0.998914138951066,0,-0.0465890867441181,0.34878000211763,0,0.476230057324528,0
-0.0471853900825598,0,0.99888614914952,0,1,0,-0.99888614914952,0,-0.0471853900825598,0.349306201792486,0,0.476047258603675,0
-0.0477849861359276,0,0.998857645062593,0,1,0,-0.998857645062593,0,-0.0477849861359276,0.349835322040626,0,0.47586344529257,0
-0.0483878649627956,0,0.998828621198022,0,1,0,-0.998828621198022,0,-0.0483878649627956,0.35036735452946,0,0.475678620285908,0
-0.0489940166140932,0,0.998799072054043,0,1,0,-0.998799072054043,0,-0.0489940166140932,0.350902290926396,0,0.475492786478382,0
-0.049603431133056,0,0.998768992119713,0,1,0,-0.998768992119713,0,-0.049603431133056,0.351440122898842,0,0.475305946764685,0
-0.0502160985551786,0,0.998738375875232,0,1,0,-0.998738375875232,0,-0.0502160985551786,0.351980842114208,0,0.475118104039513,0
-0.0508320089081662,0,0.998707217792262,0,1,0,-0.998707217792262,0,-0.0508320089081662,0.352524440239902,0,0.47492926119756,0
-0.0514511522118882,0,0.998675512334246,0,1,0,-0.998675512334246,0,-0.0514511522118882,0.353070908943332,0,0.474739421133518,0
-0.0520735184783322,0,0.99864325395673,0,1,0,-0.99864325395673,0,-0.0520735184783322,0.353620239891908,0,0.474548586742083,0
-0.0526990977115574,0,0.998610437107678,0,1,0,-0.998610437107678,0,-0.0526990977115574,0.354172424753037,0,0.474356760917948,0
-0.0533278799076502,0,0.998577056227788,0,1,0,-0.998577056227788,0,-0.0533278799076502,0.354727455194129,0,0.474163946555807,0
-0.0539598550546796,0,0.998543105750812,0,1,0,-0.998543105750812,0,-0.0539598550546796,0.355285322882592,0,0.473970146550354,0
-0.0545950131326531,0,0.998508580103869,0,1,0,-0.998508580103869,0,-0.0545950131326531,0.355846019485834,0,0.473775363796284,0
-0.0552333441134735,0,0.998473473707761,0,1,0,-0.998473473707761,0,-0.0552333441134735,0.356409536671264,0,0.47357960118829,0
-0.0558748379608963,0,0.998437780977284,0,1,0,-0.998437780977284,0,-0.0558748379608963,0.356975866106291,0,0.473382861621067,0
-0.0565194846304876,0,0.998401496321547,0,1,0,-0.998401496321547,0,-0.0565194846304876,0.357544999458323,0,0.473185147989307,0
-0.0571672740695827,0,0.998364614144278,0,1,0,-0.998364614144278,0,-0.0571672740695827,0.358116928394769,0,0.472986463187707,0
-0.0578181962172455,0,0.99832712884414,0,1,0,-0.99832712884414,0,-0.0578181962172455,0.358691644583038,0,0.472786810110958,0
-0.0584722410042284,0,0.99828903481504,0,1,0,-0.99828903481504,0,-0.0584722410042284,0.359269139690538,0,0.472586191653756,0
-0.0591293983529327,0,0.998250326446438,0,1,0,-0.998250326446438,0,-0.0591293983529327,0.359849405384678,0,0.472384610710794,0
-0.0597896581773698,0,0.99821099812366,0,1,0,-0.99821099812366,0,-0.0597896581773698,0.360432433332866,0,0.472182070176767,0
-0.0604530103831235,0,0.998171044228201,0,1,0,-0.998171044228201,0,-0.0604530103831235,0.361018215202511,0,0.471978572946368,0
-0.061119444867312,0,0.998130459138039,0,1,0,-0.998130459138039,0,-0.061119444867312,0.361606742661022,0,0.471774121914291,0
-0.0617889515185517,0,0.998089237227934,0,1,0,-0.998089237227934,0,-0.0617889515185517,0.362198007375806,0,0.471568719975231,0
-0.0624615202169207,0,0.998047372869741,0,1,0,-0.998047372869741,0,-0.0624615202169207,0.362792001014274,0,0.471362370023882,0
-0.0631371408339237,0,0.998004860432712,0,1,0,-0.998004860432712,0,-0.0631371408339237,0.363388715243833,0,0.471155074954936,0
-0.0638158032324572,0,0.997961694283802,0,1,0,-0.997961694283802,0,-0.0638158032324572,0.363988141731892,0,0.47094683766309,0
-0.0644974972667755,0,0.997917868787969,0,1,0,-0.997917868787969,0,-0.0644974972667755,0.364590272145859,0,0.470737661043036,0
-0.0651822127824578,0,0.997873378308482,0,1,0,-0.997873378308482,0,-0.0651822127824578,0.365195098153144,0,0.470527547989468,0
-0.0658699396163749,0,0.997828217207218,0,1,0,-0.997828217207218,0,-0.0658699396163749,0.365802611421154,0,0.470316501397081,0
-0.0665606675966582,0,0.997782379844968,0,1,0,-0.997782379844968,0,-0.0665606675966582,0.366412803617299,0,0.470104524160568,0
-0.067254386542668,0,0.997735860581732,0,1,0,-0.997735860581732,0,-0.067254386542668,0.367025666408987,0,0.469891619174624,0
-0.0679510862649634,0,0.997688653777025,0,1,0,-0.997688653777025,0,-0.0679510862649634,0.367641191463626,0,0.469677789333943,0
-0.0686507565652725,0,0.997640753790169,0,1,0,-0.997640753790169,0,-0.0686507565652725,0.368259370448626,0,0.469463037533218,0
-0.0693533872364636,0,0.997592154980596,0,1,0,-0.997592154980596,0,-0.0693533872364636,0.368880195031394,0,0.469247366667144,0
-0.0700589680625171,0,0.997542851708143,0,1,0,-0.997542851708143,0,-0.0700589680625171,0.36950365687934,0,0.469030779630414,0
-0.0707674888184979,0,0.997492838333351,0,1,0,-0.997492838333351,0,-0.0707674888184979,0.370129747659871,0,0.468813279317723,0
-0.0714789392705287,0,0.997442109217753,0,1,0,-0.997442109217753,0,-0.0714789392705287,0.370758459040398,0,0.468594868623765,0
-0.0721933091757645,0,0.997390658724179,0,1,0,-0.997390658724179,0,-0.0721933091757645,0.371389782688327,0,0.468375550443233,0
-0.0729105882823668,0,0.997338481217044,0,1,0,-0.997338481217044,0,-0.0729105882823668,0.372023710271069,0,0.468155327670822,0
-0.0736307663294798,0,0.997285571062639,0,1,0,-0.997285571062639,0,-0.0736307663294798,0.37266023345603,0,0.467934203201226,0
-0.0743538330472065,0,0.997231922629429,0,1,0,-0.997231922629429,0,-0.0743538330472065,0.373299343910621,0,0.467712179929138,0
-0.075079778156586,0,0.997177530288342,0,1,0,-0.997177530288342,0,-0.075079778156586,0.373941033302249,0,0.467489260749253,0
-0.0758085913695712,0,0.997122388413058,0,1,0,-0.997122388413058,0,-0.0758085913695712,0.374585293298324,0,0.467265448556265,0
-0.0765402623890078,0,0.9970664913803,0,1,0,-0.9970664913803,0,-0.0765402623890078,0.375232115566253,0,0.467040746244868,0
-0.0772747809086138,0,0.997009833570124,0,1,0,-0.997009833570124,0,-0.0772747809086138,0.375881491773446,0,0.466815156709755,0
-0.0780121366129595,0,0.996952409366205,0,1,0,-0.996952409366205,0,-0.0780121366129595,0.376533413587311,0,0.466588682845621,0
-0.0787523191774489,0,0.996894213156127,0,1,0,-0.996894213156127,0,-0.0787523191774489,0.377187872675256,0,0.46636132754716,0
-0.0794953182683017,0,0.996835239331667,0,1,0,-0.996835239331667,0,-0.0794953182683017,0.377844860704691,0,0.466133093709065,0
-0.0802411235425354,0,0.996775482289082,0,1,0,-0.996775482289082,0,-0.0802411235425354,0.378504369343023,0,0.465903984226032,0
-0.0809897246479496,0,0.996714936429393,0,1,0,-0.996714936429393,0,-0.0809897246479496,0.379166390257662,0,0.465674001992753,0
-0.0817411112231096,0,0.996653596158671,0,1,0,-0.996653596158671,0,-0.0817411112231096,0.379830915116016,0,0.465443149903923,0
-0.0824952728973322,0,0.996591455888317,0,1,0,-0.996591455888317,0,-0.0824952728973322,0.380497935585493,0,0.465211430854236,0
-0.0832521992906711,0,0.996528510035346,0,1,0,-0.996528510035346,0,-0.0832521992906711,0.381167443333503,0,0.464978847738386,0
-0.0840118800139038,0,0.996464753022669,0,1,0,-0.996464753022669,0,-0.0840118800139038,0.381839430027454,0,0.464745403451066,0
-0.0847743046685195,0,0.996400179279374,0,1,0,-0.996400179279374,0,-0.0847743046685195,0.382513887334754,0,0.464511100886972,0
-0.085539462846707,0,0.996334783241003,0,1,0,-0.996334783241003,0,-0.085539462846707,0.383190806922812,0,0.464275942940796,0
-0.0863073441313445,0,0.996268559349834,0,1,0,-0.996268559349834,0,-0.0863073441313445,0.383870180459036,0,0.464039932507234,0
-0.0870779380959894,0,0.996201502055157,0,1,0,-0.996201502055157,0,-0.0870779380959894,0.384551999610836,0,0.463803072480978,0
-0.087851234304869,0,0.996133605813553,0,1,0,-0.996133605813553,0,-0.087851234304869,0.38523625604562,0,0.463565365756723,0
-0.0886272223128726,0,0.996064865089169,0,1,0,-0.996064865089169,0,-0.0886272223128726,0.385922941430796,0,0.463326815229163,0
-0.0894058916655442,0,0.995995274353995,0,1,0,-0.995995274353995,0,-0.0894058916655442,0.386612047433773,0,0.463087423792993,0
-0.0901872318990753,0,0.995924828088136,0,1,0,-0.995924828088136,0,-0.0901872318990753,0.38730356572196,0,0.462847194342905,0
-0.0909712325403001,0,0.995853520780089,0,1,0,-0.995853520780089,0,-0.0909712325403001,0.387997487962765,0,0.462606129773594,0
-0.0917578831066898,0,0.995781346927014,0,1,0,-0.995781346927014,0,-0.0917578831066898,0.388693805823597,0,0.462364232979754,0
-0.0925471731063491,0,0.995708301035009,0,1,0,-0.995708301035009,0,-0.0925471731063491,0.389392510971865,0,0.462121506856079,0
-0.0933390920380131,0,0.995634377619375,0,1,0,-0.995634377619375,0,-0.0933390920380131,0.390093595074976,0,0.461877954297264,0
-0.0941336293910445,0,0.995559571204892,0,1,0,-0.995559571204892,0,-0.0941336293910445,0.390797049800341,0,0.461633578198001,0
-0.0949307746454326,0,0.99548387632609,0,1,0,-0.99548387632609,0,-0.0949307746454326,0.391502866815366,0,0.461388381452985,0
-0.0957305172717928,0,0.99540728752751,0,1,0,-0.99540728752751,0,-0.0957305172717928,0.392211037787461,0,0.461142366956911,0
-0.0965328467313665,0,0.995329799363979,0,1,0,-0.995329799363979,0,-0.0965328467313665,0.392921554384035,0,0.460895537604471,0
-0.0973377524760225,0,0.995251406400873,0,1,0,-0.995251406400873,0,-0.0973377524760225,0.393634408272496,0,0.460647896290361,0
-0.0981452239482592,0,0.995172103214387,0,1,0,-0.995172103214387,0,-0.0981452239482592,0.394349591120253,0,0.460399445909274,0
-0.0989552505812071,0,0.995091884391794,0,1,0,-0.995091884391794,0,-0.0989552505812071,0.395067094594714,0,0.460150189355904,0
-0.0997678217986329,0,0.995010744531714,0,1,0,-0.995010744531714,0,-0.0997678217986329,0.395786910363287,0,0.459900129524945,0
-0.100582927014944,0,0.994928678244379,0,1,0,-0.994928678244379,0,-0.100582927014944,0.396509030093382,0,0.459649269311091,0
-0.101400555635194,0,0.994845680151889,0,1,0,-0.994845680151889,0,-0.101400555635194,0.397233445452408,0,0.459397611609036,0
-0.10222069705509,0,0.994761744888479,0,1,0,-0.994761744888479,0,-0.10222069705509,0.397960148107772,0,0.459145159313475,0
-0.103043340660998,0,0.994676867100779,0,1,0,-0.994676867100779,0,-0.103043340660998,0.398689129726883,0,0.458891915319101,0
-0.103868475829952,0,0.994591041448073,0,1,0,-0.994591041448073,0,-0.103868475829952,0.39942038197715,0,0.458637882520608,0
-0.104696091929664,0,0.994504262602557,0,1,0,-0.994504262602557,0,-0.104696091929664,0.400153896525982,0,0.45838306381269,0
-0.105526178318532,0,0.994416525249598,0,1,0,-0.994416525249598,0,-0.105526178318532,0.400889665040786,0,0.458127462090042,0
-0.106358724345654,0,0.994327824087994,0,1,0,-0.994327824087994,0,-0.106358724345654,0.401627679188973,0,0.457871080247357,0
-0.107193719350837,0,0.994238153830225,0,1,0,-0.994238153830225,0,-0.107193719350837,0.402367930637949,0,0.457613921179329,0
-0.108031152664607,0,0.994147509202712,0,1,0,-0.994147509202712,0,-0.108031152664607,0.403110411055125,0,0.457355987780652,0
-0.108871013608231,0,0.994055884946071,0,1,0,-0.994055884946071,0,-0.108871013608231,0.403855112107908,0,0.457097282946021,0
-0.109713291493722,0,0.993963275815366,0,1,0,-0.993963275815366,0,-0.109713291493722,0.404602025463707,0,0.456837809570129,0
-0.110557975623861,0,0.993869676580362,0,1,0,-0.993869676580362,0,-0.110557975623861,0.405351142789931,0,0.45657757054767,0
-0.111405055292209,0,0.993775082025777,0,1,0,-0.993775082025777,0,-0.111405055292209,0.406102455753988,0,0.456316568773339,0
-0.112254519783125,0,0.993679486951532,0,1,0,-0.993679486951532,0,-0.112254519783125,0.406855956023288,0,0.456054807141829,0
-0.113106358371787,0,0.993582886173002,0,1,0,-0.993582886173002,0,-0.113106358371787,0.407611635265237,0,0.455792288547834,0
-0.113960560324207,0,0.993485274521265,0,1,0,-0.993485274521265,0,-0.113960560324207,0.408369485147246,0,0.455529015886049,0
-0.114817114897252,0,0.993386646843348,0,1,0,-0.993386646843348,0,-0.114817114897252,0.409129497336722,0,0.455264992051167,0
-0.115676011338665,0,0.993286998002479,0,1,0,-0.993286998002479,0,-0.115676011338665,0.409891663501075,0,0.455000219937883,0
-0.116537238887086,0,0.993186322878328,0,1,0,-0.993186322878328,0,-0.116537238887086,0.410655975307713,0,0.45473470244089,0
-0.117400786772076,0,0.993084616367255,0,1,0,-0.993084616367255,0,-0.117400786772076,0.411422424424044,0,0.454468442454883,0
-0.118266644214138,0,0.992981873382554,0,1,0,-0.992981873382554,0,-0.118266644214138,0.412191002517478,0,0.454201442874555,0
-0.119134800424742,0,0.992878088854698,0,1,0,-0.992878088854698,0,-0.119134800424742,0.412961701255422,0,0.4539337065946,0
-0.120005244606352,0,0.992773257731578,0,1,0,-0.992773257731578,0,-0.120005244606352,0.413734512305285,0,0.453665236509713,0
-0.120877965952449,0,0.992667374978748,0,1,0,-0.992667374978748,0,-0.120877965952449,0.414509427334477,0,0.453396035514587,0
-0.12175295364756,0,0.992560435579665,0,1,0,-0.992560435579665,0,-0.12175295364756,0.415286438010404,0,0.453126106503917,0
-0.122630196867286,0,0.992452434535928,0,1,0,-0.992452434535928,0,-0.122630196867286,0.416065536000477,0,0.452855452372397,0
-0.123509684778329,0,0.992343366867516,0,1,0,-0.992343366867516,0,-0.123509684778329,0.416846712972104,0,0.45258407601472,0
-0.124391406538523,0,0.992233227613028,0,1,0,-0.992233227613028,0,-0.124391406538523,0.417629960592693,0,0.45231198032558,0
-0.125275351296864,0,0.99212201182992,0,1,0,-0.99212201182992,0,-0.125275351296864,0.418415270529653,0,0.452039168199673,0
-0.126161508193543,0,0.992009714594737,0,1,0,-0.992009714594737,0,-0.126161508193543,0.419202634450393,0,0.45176564253169,0
-0.127049866359974,0,0.991896331003353,0,1,0,-0.991896331003353,0,-0.127049866359974,0.419992044022321,0,0.451491406216328,0
-0.127940414918833,0,0.991781856171203,0,1,0,-0.991781856171203,0,-0.127940414918833,0.420783490912845,0,0.451216462148279,0
-0.128833142984088,0,0.991666285233516,0,1,0,-0.991666285233516,0,-0.128833142984088,0.421576966789375,0,0.450940813222237,0
-0.129728039661035,0,0.991549613345548,0,1,0,-0.991549613345548,0,-0.129728039661035,0.422372463319319,0,0.450664462332897,0
-0.130625094046336,0,0.99143183568281,0,1,0,-0.99143183568281,0,-0.130625094046336,0.423169972170086,0,0.450387412374953,0
-0.131524295228051,0,0.991312947441303,0,1,0,-0.991312947441303,0,-0.131524295228051,0.423969485009083,0,0.450109666243099,0
-0.132425632285683,0,0.991192943837746,0,1,0,-0.991192943837746,0,-0.132425632285683,0.42477099350372,0,0.449831226832028,0
-0.133329094290207,0,0.991071820109801,0,1,0,-0.991071820109801,0,-0.133329094290207,0.425574489321406,0,0.449552097036435,0
-0.134234670304121,0,0.990949571516303,0,1,0,-0.990949571516303,0,-0.134234670304121,0.426379964129549,0,0.449272279751013,0
-0.135142349381474,0,0.990826193337487,0,1,0,-0.990826193337487,0,-0.135142349381474,0.427187409595557,0,0.448991777870458,0
-0.13605212056792,0,0.990701680875213,0,1,0,-0.990701680875213,0,-0.13605212056792,0.427996817386839,0,0.448710594289462,0
-0.136963972900748,0,0.990576029453188,0,1,0,-0.990576029453188,0,-0.136963972900748,0.428808179170805,0,0.44842873190272,0
-0.137877895408935,0,0.990449234417193,0,1,0,-0.990449234417193,0,-0.137877895408935,0.429621486614861,0,0.448146193604925,0
-0.138793877113183,0,0.990321291135302,0,1,0,-0.990321291135302,0,-0.138793877113183,0.430436731386418,0,0.447862982290772,0
-0.139711907025969,0,0.990192194998106,0,1,0,-0.990192194998106,0,-0.139711907025969,0.431253905152883,0,0.447579100854956,0
-0.140631974151586,0,0.990061941418933,0,1,0,-0.990061941418933,0,-0.140631974151586,0.432072999581665,0,0.447294552192169,0
-0.141554067486195,0,0.989930525834068,0,1,0,-0.989930525834068,0,-0.141554067486195,0.432894006340173,0,0.447009339197105,0
-0.142478176017868,0,0.989797943702967,0,1,0,-0.989797943702967,0,-0.142478176017868,0.433716917095816,0,0.44672346476446,0
-0.143404288726637,0,0.989664190508481,0,1,0,-0.989664190508481,0,-0.143404288726637,0.434541723516001,0,0.446436931788926,0
-0.144332394584546,0,0.989529261757069,0,1,0,-0.989529261757069,0,-0.144332394584546,0.435368417268138,0,0.446149743165199,0
-0.145262482555698,0,0.989393152979014,0,1,0,-0.989393152979014,0,-0.145262482555698,0.436196990019635,0,0.445861901787971,0
-0.14619454159631,0,0.989255859728637,0,1,0,-0.989255859728637,0,-0.14619454159631,0.437027433437901,0,0.445573410551937,0
-0.147128560654759,0,0.98911737758451,0,1,0,-0.98911737758451,0,-0.147128560654759,0.437859739190345,0,0.445284272351791,0
-0.148064528671641,0,0.988977702149672,0,1,0,-0.988977702149672,0,-0.148064528671641,0.438693898944374,0,0.444994490082227,0
-0.149002434579821,0,0.988836829051834,0,1,0,-0.988836829051834,0,-0.149002434579821,0.439529904367398,0,0.444704066637939,0
-0.149942267304488,0,0.988694753943597,0,1,0,-0.988694753943597,0,-0.149942267304488,0.440367747126826,0,0.44441300491362,0
-0.150884015763211,0,0.988551472502655,0,1,0,-0.988551472502655,0,-0.150884015763211,0.441207418890065,0,0.444121307803966,0
-0.151827668865996,0,0.988406980432007,0,1,0,-0.988406980432007,0,-0.151827668865996,0.442048911324524,0,0.44382897820367,0
-0.152773215515342,0,0.988261273460163,0,1,0,-0.988261273460163,0,-0.152773215515342,0.442892216097613,0,0.443536019007425,0
-0.1537206446063,0,0.988114347341351,0,1,0,-0.988114347341351,0,-0.1537206446063,0.443737324876739,0,0.443242433109927,0
-0.154669945026529,0,0.987966197855721,0,1,0,-0.987966197855721,0,-0.154669945026529,0.444584229329311,0,0.442948223405869,0
-0.15562110565636,0,0.987816820809553,0,1,0,-0.987816820809553,0,-0.15562110565636,0.445432921122738,0,0.442653392789944,0
-0.156574115368855,0,0.987666212035453,0,1,0,-0.987666212035453,0,-0.156574115368855,0.446283391924429,0,0.442357944156848,0
-0.157528963029868,0,0.987514367392563,0,1,0,-0.987514367392563,0,-0.157528963029868,0.447135633401791,0,0.442061880401274,0
-0.158485637498105,0,0.987361282766759,0,1,0,-0.987361282766759,0,-0.158485637498105,0.447989637222234,0,0.441765204417916,0
-0.159444127625193,0,0.987206954070848,0,1,0,-0.987206954070848,0,-0.159444127625193,0.448845395053167,0,0.441467919101468,0
-0.160404422255739,0,0.987051377244773,0,1,0,-0.987051377244773,0,-0.160404422255739,0.449702898561997,0,0.441170027346624,0
-0.161366510227395,0,0.986894548255806,0,1,0,-0.986894548255806,0,-0.161366510227395,0.450562139416134,0,0.440871532048078,0
-0.162330380370929,0,0.986736463098749,0,1,0,-0.986736463098749,0,-0.162330380370929,0.451423109282986,0,0.440572436100524,0
-0.163296021510286,0,0.986577117796127,0,1,0,-0.986577117796127,0,-0.163296021510286,0.452285799829961,0,0.440272742398657,0
-0.164263422462655,0,0.986416508398382,0,1,0,-0.986416508398382,0,-0.164263422462655,0.453150202724468,0,0.439972453837169,0
-0.165232572038543,0,0.986254630984072,0,1,0,-0.986254630984072,0,-0.165232572038543,0.454016309633917,0,0.439671573310756,0
-0.166203459041838,0,0.986091481660058,0,1,0,-0.986091481660058,0,-0.166203459041838,0.454884112225715,0,0.439370103714111,0
-0.167176072269883,0,0.985927056561699,0,1,0,-0.985927056561699,0,-0.167176072269883,0.455753602167271,0,0.439068047941928,0
-0.168150400513544,0,0.985761351853041,0,1,0,-0.985761351853041,0,-0.168150400513544,0.456624771125993,0,0.438765408888901,0
-0.169126432557285,0,0.985594363727008,0,1,0,-0.985594363727008,0,-0.169126432557285,0.457497610769291,0,0.438462189449725,0
-0.170104157179234,0,0.98542608840559,0,1,0,-0.98542608840559,0,-0.170104157179234,0.458372112764573,0,0.438158392519093,0
-0.171083563151265,0,0.98525652214003,0,1,0,-0.98525652214003,0,-0.171083563151265,0.459248268779247,0,0.437854020991699,0
-0.172064639239063,0,0.985085661211009,0,1,0,-0.985085661211009,0,-0.172064639239063,0.460126070480722,0,0.437549077762237,0
-0.173047374202208,0,0.984913501928835,0,1,0,-0.984913501928835,0,-0.173047374202208,0.461005509536407,0,0.437243565725401,0
-0.17403175679424,0,0.984740040633623,0,1,0,-0.984740040633623,0,-0.17403175679424,0.46188657761371,0,0.436937487775886,0
-0.175017775762747,0,0.984565273695483,0,1,0,-0.984565273695483,0,-0.175017775762747,0.46276926638004,0,0.436630846808385,0
-0.176005419849433,0,0.984389197514695,0,1,0,-0.984389197514695,0,-0.176005419849433,0.463653567502806,0,0.436323645717593,0
-0.1769946777902,0,0.984211808521897,0,1,0,-0.984211808521897,0,-0.1769946777902,0.464539472649415,0,0.436015887398203,0
-0.177985538315228,0,0.984033103178261,0,1,0,-0.984033103178261,0,-0.177985538315228,0.465426973487277,0,0.435707574744909,0
-0.178977990149051,0,0.983853077975673,0,1,0,-0.983853077975673,0,-0.178977990149051,0.466316061683801,0,0.435398710652405,0
-0.17997202201064,0,0.98367172943691,0,1,0,-0.98367172943691,0,-0.17997202201064,0.467206728906394,0,0.435089298015386,0
-0.180967622613487,0,0.983489054115816,0,1,0,-0.983489054115816,0,-0.180967622613487,0.468098966822466,0,0.434779339728546,0
-0.181964780665679,0,0.983305048597479,0,1,0,-0.983305048597479,0,-0.181964780665679,0.468992767099425,0,0.434468838686577,0
-0.182963484869988,0,0.983119709498406,0,1,0,-0.983119709498406,0,-0.182963484869988,0.46988812140468,0,0.434157797784175,0
-0.183963723923951,0,0.982933033466692,0,1,0,-0.982933033466692,0,-0.183963723923951,0.470785021405638,0,0.433846219916034,0
