1.23259516440783e-32,-1,1.11022302462516e-16,1.11022302462516e-16,1.11022302462516e-16,1,-1,0,1.11022302462516e-16,0.1667,0.140998448916085,0.490501551083915,0
-1.84429109687666e-06,-0.999999999988387,4.45250096605863e-06,-1.84428288506672e-06,4.45250436745569e-06,0.999999999988387,-0.999999999996599,1.84428288517774e-06,-1.84429109676564e-06,0.1666994992327,0.141001029359321,0.490500828616534,0
-7.37228726029948e-06,-0.999999999814439,1.77980903283026e-05,-7.37215604851097e-06,1.77981446779589e-05,0.999999999814439,-0.99999999994565,7.372156048622e-06,-7.37228726018846e-06,0.166697998268408,0.141008763796361,0.490498663144187,0
-1.65767462079678e-05,-0.999999999061851,4.00188673662808e-05,-1.65760828362502e-05,4.00191421437971e-05,0.999999999061851,-0.999999999725222,1.65760828363613e-05,-1.65767462078567e-05,0.166695499113539,0.141021641888199,0.490495057561568,0
-2.94505230028254e-05,-0.999999997038949,7.10968910019127e-05,-2.94484292237555e-05,7.1097758273554e-05,0.999999997038949,-0.999999999132728,2.94484292238666e-05,-2.94505230027144e-05,0.166692003774504,0.141039653295831,0.490490014763372,0
-4.59865693833559e-05,-0.999999992780544,0.000111014180036023,-4.59814644566699e-05,0.000111016294565845,0.999999992780544,-0.99999999788547,4.59814644567809e-05,-4.59865693832448e-05,0.166687514257718,0.141062787680253,0.490483537644291,0
-6.61779330895884e-05,-0.999999985049776,0.000159752713370536,-6.61673616845095e-05,0.000159757092189847,0.999999985049776,-0.999999995621181,6.61673616846206e-05,-6.61779330894774e-05,0.166682032569593,0.141091034702459,0.490475629099021,0
-9.00177571847929e-05,-0.999999972339967,0.00021729443021668,-8.99981985875205e-05,0.000217302531652885,0.999999972339967,-0.999999991898564,8.99981985876316e-05,-9.00177571846819e-05,0.166675560716543,0.141124384023445,0.490466292022255,0
-0.000117499279373151,-0.999999952876457,0.000283621230289312,-0.000117465957996567,0.000283635032455364,0.999999952876457,-0.999999986197834,0.000117465957996678,-0.00011749927937304,0.166668100704981,0.141162825304207,0.490455529308686,0
-0.000148615831313071,-0.999999924618448,0.000358714973987728,-0.000148562528506541,0.00035873705273306,0.999999924618448,-0.999999977921255,0.000148562528506652,-0.00014861583131296,0.16665965454132,0.141206348205739,0.490443343853011,0
-0.000183360837926641,-0.999999885260832,0.000442557482562976,-0.000183279705082963,0.000442591088887136,0.999999885260832,-0.999999966393676,0.000183279705083074,-0.00018336083792653,0.166650224231973,0.141254942389038,0.490429738549921,0
-0.000221727816705088,-0.999999832236027,0.000535130538271955,-0.000221609189662061,0.000535179675201995,0.999999832236027,-0.99999995086307,0.000221609189662172,-0.000221727816704977,0.166639811783355,0.141308597515098,0.490414716294112,0
-0.000263710377010399,-0.999999762715801,0.000636415884518461,-0.000263542591744335,0.000636485383451185,0.999999762715801,-0.999999930501067,0.000263542591744446,-0.000263710377010288,0.166628419201876,0.141367303244915,0.490398279980276,0
-0.000309302219373103,-0.999999673613099,0.000746395225981397,-0.000309071428981752,0.000746490822491514,0.999999673613099,-0.99999990440349,0.000309071428981863,-0.000309302219372992,0.166616048493952,0.141431049239485,0.490380432503109,0
-0.000358497134786409,-0.999999561583857,0.00086505022873029,-0.000358187127758555,0.000865178637845613,0.999999561583857,-0.999999871590885,0.000358187127758666,-0.000358497134786298,0.166602701665996,0.141499825159802,0.490361176757305,0
-0.000411289003996424,-0.999999423028825,0.000992362520328455,-0.000410881023766102,0.000992531511272989,0.999999423028825,-0.999999831009055,0.000410881023766213,-0.000411289003996313,0.166588380724419,0.141573620666862,0.490340515637556,0
-0.000467671796789213,-0.999999254095376,0.00112831368992369,-0.000467144362571119,0.00112853216033004,0.999999254095376,-0.999999781529594,0.00046714436257123,-0.000467671796789102,0.166573087675637,0.141652425421661,0.490318452038558,0
-0.000527639571274103,-0.999999050679312,0.001272885288327,-0.000526968300178148,0.00127316333791893,0.999999050679312,-0.999999721950408,0.000526968300178259,-0.000527639571273992,0.166556824526061,0.141736229085194,0.490294988855004,0
-0.000591186473163505,-0.999998808426676,0.00142605882807943,-0.00059034390358604,0.00142640783182561,0.999998808426676,-0.999999650996254,0.000590343903586151,-0.000591186473163394,0.166539593282106,0.141825021318456,0.490270128981589,0
-0.000658306735049466,-0.999998522735549,0.00158781578350708,-0.000657262151338444,0.00158824846424717,0.999998522735549,-0.99999956731926,0.000657262151338555,-0.000658306735049355,0.166521395950184,0.141918791782442,0.490243875313005,0
-0.0007289946756771,-0.999998188757847,0.00175813759076464,-0.000727713934068302,0.00175866809130886,0.999998188757847,-0.999999469499456,0.000727713934068413,-0.000728994675676989,0.166502234536709,0.142017530138149,0.490216230743949,0
-0.000803244699214424,-0.99999780140112,0.0019370056478676,-0.000801690055036963,0.00193764960257052,0.99999780140112,-0.999999356045297,0.000801690055037074,-0.000803244699214313,0.166482111048093,0.142121226046571,0.490187198169112,0
-0.000881051294519356,-0.999997355330338,0.0021244013147132,-0.000879181230667306,0.00212517592052317,0.999997355330338,-0.99999922539419,0.000879181230667418,-0.000881051294519245,0.166461027490751,0.142229869168703,0.49015678048319,0
-0.000962409034403505,-0.999996844969683,0.00232030591309047,-0.000960178091071412,0.00232123000007546,0.999996844969683,-0.999999075913015,0.000960178091071523,-0.000962409034403394,0.166438985871095,0.142343449165542,0.490124980580876,0
-0.00104731257489304,-0.999996264504329,0.00252470072667941,-0.00104467118057262,0.00252579482803046,0.999996264504329,-0.999998905898649,0.00104467118057273,-0.00104731257489293,0.166415988195538,0.142461955698083,0.490091801356865,0
-0.00113575665448638,-0.999995607882223,0.0027375670010396,-0.00113265095822237,0.00273885342255272,0.999995607882223,-0.999998713578487,0.00113265095822248,-0.00113575665448627,0.166392036470494,0.14258537842732,0.49005724570585,0
-0.00122773609340933,-0.999994868815864,0.00295888594358825,-0.0012241077983114,0.00296038883262606,0.999994868815864,-0.999998497110962,0.00122410779831151,-0.00122773609340922,0.166367132702376,0.142713707014249,0.490021316522525,0
-0.00132324579286717,-0.999994040784075,0.00318863872356814,-0.00131903199087591,0.00319038413750202,0.999994040784075,-0.999998254586066,0.00131903199087603,-0.00132324579286706,0.166341278897597,0.142846931119867,0.489984016701585,0
-0.00142228073429405,-0.99999311703377,0.00342680647200528,-0.00141741374219839,0.00342882244613922,0.99999311703377,-0.999997984025866,0.0014174137421985,-0.00142228073429394,0.166314477062571,0.142985040405167,0.489945349137723,0
-0.00152483597859977,-0.999992090581727,0.00367337028165682,-0.00151924317530336,0.00367568689663383,0.999992090581727,-0.999997683385023,0.00151924317530347,-0.00152483597859966,0.16628672920371,0.143128024531146,0.489905316725634,0
-0.00163090666541395,-0.999990954216342,0.00392831120694907,-0.00162451033044806,0.00393096065564137,0.999990954216342,-0.999997350551308,0.00162451033044817,-0.00163090666541384,0.166258037327428,0.143275873158798,0.489863922360012,0
-0.00174048801232742,-0.999989700499397,0.00419161026390608,-0.00173320516560832,0.00419462691778977,0.999989700499397,-0.999996983346116,0.00173320516560844,-0.0017404880123273,0.166228403440139,0.14342857594912,0.489821168935549,0
-0.00185357531413143,-0.999988321767813,0.00446324843006876,-0.00184531755695933,0.00446666890508418,0.999988321767813,-0.999996579524985,0.00184531755695944,-0.00185357531413132,0.166197829548254,0.143586122563106,0.489777059346942,0
-0.0019701639420543,-0.999986810135399,0.00474320664440473,-0.00196083729935167,0.00474706986630353,0.999986810135399,-0.999996136778101,0.00196083729935178,-0.00197016394205419,0.166166317658188,0.143748502661752,0.489731596488882,0
-0.00209024934299566,-0.999985157494608,0.00503146580720923,-0.00207975410678275,0.00503581307638889,0.999985157494608,-0.99999565273082,0.00207975410678286,-0.00209024934299555,0.166133869776354,0.143915705906053,0.489684783256066,0
-0.00221382703875846,-0.999983355518278,0.00532800677999705,-0.00220205761286339,0.00533288183582409,0.999983355518278,-0.999995124944173,0.0022020576128635,-0.00221382703875835,0.166100487909164,0.144087721957006,0.489636622543186,0
-0.00234089262527862,-0.999981395661379,0.00563281038538582,-0.00232773737128004,0.00563825947000845,0.999981395661379,-0.999994550915377,0.00232773737128015,-0.00234089262527851,0.166066174063033,0.144264540475604,0.489587117244936,0
-0.00247144177185274,-0.999979269162748,0.0059458574069707,-0.00245678285625229,0.00595192932862205,0.999979269162748,-0.999993928078349,0.0024567828562524,-0.00247144177185263,0.166030930244373,0.144446151122844,0.489536270256011,0
-0.00260547022036339,-0.99997696704683,0.00626712858919078,-0.00258918346298613,0.00627387478498347,0.99997696704683,-0.999993253804207,0.00258918346298624,-0.00260547022036328,0.165994758459598,0.14463254355972,0.489484084471105,0
-0.00274297378450256,-0.999974480125407,0.00659660463718715,-0.00272492850812278,0.00660407923540037,0.999974480125407,-0.999992525401787,0.00272492850812289,-0.00274297378450245,0.165957660715121,0.144823707447229,0.489430562784911,0
-0.0028839483489931,-0.99997179899933,0.006934266216653,-0.00286400723018316,0.00694252609851293,0.99997179899933,-0.99999174011814,0.00286400723018328,-0.00288394834899299,0.165919639017355,0.145019632446365,0.489375708092124,0
-0.00302838986880801,-0.999968914060246,0.00728009395367593,-0.00300640879000846,0.00728919881463024,0.999968914060246,-0.999990895139046,0.00300640879000857,-0.00302838986880789,0.165880695372713,0.145220308218125,0.489319523287437,0
-0.00317629436838805,-0.999965815492321,0.00763406843457236,-0.00315212227119627,0.00764408084506015,0.999965815492321,-0.999989987589512,0.00315212227119638,-0.00317629436838794,0.165840831787608,0.145425724423502,0.489262011265545,0
-0.00332765794085753,-0.999962493273958,0.00799617020571456,-0.00330113668053278,0.00800715567143225,0.999962493273958,-0.999989014534282,0.00330113668053289,-0.00332765794085742,0.165800050268455,0.145635870723494,0.489203174921142,0
-0.00348247674723813,-0.999958937179519,0.0083663797733502,-0.00345344094842115,0.00837840679501448,0.999958937179519,-0.999987972978336,0.00345344094842127,-0.00348247674723802,0.165758352821665,0.145850736779094,0.489143017148922,0
-0.00364074701566124,-0.999955136781036,0.00874467760341474,-0.00360902392930575,0.00875781773602346,0.999955136781036,-0.999986859867391,0.00360902392930586,-0.00364074701566112,0.165715741453652,0.146070312251299,0.489081540843578,0
-0.00380246504057848,-0.999951081449922,0.00913104412133668,-0.00376787440209271,0.00914537203292859,0.999951081449922,-0.999985672088408,0.00376787440209282,-0.00380246504057837,0.16567221817083,0.146294586801104,0.489018748899804,0
-0.00396762718197078,-0.999946760358682,0.00952545971183599,-0.00392998107056668,0.00954105324175013,0.999946760358682,-0.999984406470086,0.00392998107056679,-0.00396762718197067,0.165627784979612,0.146523550089505,0.488954644212296,0
-0.0041362298645557,-0.999942162482613,0.00992790471871574,-0.00409533256380398,0.00994484493535151,0.999942162482613,-0.999983059783364,0.0040953325638041,-0.00413622986455559,0.16558244388641,0.146757191777495,0.488889229675746,0
-0.00430826957699341,-0.99993727660151,0.0103383594446472,-0.00426391743658211,0.0103567307027258,0.99993727660151,-0.999981628741921,0.00426391743658222,-0.0043082695769933,0.165536196897638,0.146995501526072,0.488822508184849,0
-0.00448374287109119,-0.999932091301366,0.0107568041509485,-0.00443572416978569,0.0107766941482767,0.999932091301366,-0.999980110002672,0.0044357241697858,-0.00448374287109107,0.16548904601971,0.14723846899623,0.488754482634299,0
-0.00466264636100668,-0.999926594976065,0.0111832190573569,-0.00461074117080889,0.0112047188910943,0.999926594976065,-0.999978500166263,0.004610741170809,-0.00466264636100657,0.165440993259038,0.147486083848966,0.48868515591879,0
-0.00484497672244948,-0.999920775829075,0.011617584341795,-0.00478895677395473,0.011640788564225,0.999920775829075,-0.99997679577757,0.00478895677395485,-0.00484497672244937,0.165392040622036,0.147738335745273,0.488614530933015,0
-0.00503073069188185,-0.999914621875144,0.0120598801401314,-0.00497035924083077,0.0120848868139369,0.999914621875144,-0.999974993326195,0.00497035924083089,-0.00503073069188174,0.165342190115117,0.147995214346147,0.488542610571669,0
-0.00521990506571791,-0.999908120941978,0.0125100865459348,-0.00515493676074173,0.0125369972989802,0.999908120941978,-0.999973089246954,0.00515493676074184,-0.0052199050657178,0.165291443744694,0.148256709312585,0.488469397729446,0
-0.00541249669952192,-0.999901260671937,0.0129681836102227,-0.00534267745107874,0.0129971036898425,0.999901260671937,-0.99997107992038,0.00534267745107885,-0.00541249669952181,0.165239803517181,0.148522810305581,0.48839489530104,0
-0.00560850250720504,-0.999894028523707,0.0134341513412052,-0.00553356935770595,0.013465189667999,0.999894028523707,-0.999968961673206,0.00553356935770606,-0.00560850250720493,0.16518727143899,0.148793506986131,0.488319106181144,0
-0.00580791946022158,-0.999886411773985,0.0139079697040229,-0.00572760045534348,0.0139412389251597,0.999886411773985,-0.999966730778863,0.00572760045534359,-0.00580791946022147,0.165133849516535,0.149068789015229,0.488242033264454,0
-0.0060107445867638,-0.999878397519153,0.0143896186204792,-0.00592475864794785,0.0144252351625101,0.999878397519153,-0.999964383457969,0.00592475864794796,-0.00601074458676369,0.165079539756229,0.149348646053872,0.488163679445662,0
-0.0062169749709559,-0.999869972676953,0.0148790779687684,-0.00612503176908938,0.0149171620899495,0.999869972676953,-0.999961915878819,0.0061250317690895,-0.00621697497095579,0.165024344164485,0.149633067763055,0.488084047619463,0
-0.00642660775204709,-0.999861123988154,0.0153763275831987,-0.00632840758232683,0.0154170034253241,0.999861123988154,-0.999959324157875,0.00632840758232694,-0.00642660775204698,0.164968264747717,0.149922043803773,0.488003140680551,0
-0.00663964012360388,-0.999851838018228,0.0158813472539096,-0.00653487378157907,0.0159247428936565,0.999851838018228,-0.999956604360253,0.00653487378157918,-0.00663964012360377,0.164911303512338,0.150215563837022,0.48792096152362,0
-0.00685606933270135,-0.999842101159008,0.0163941167265861,-0.0067444179914944,0.0164403642263711,0.999842101159008,-0.999953752500215,0.00674441799149451,-0.00685606933270124,0.16485346246476,0.150513617523797,0.487837513043364,0
-0.00707589267911393,-0.999831899630354,0.0169146157021671,-0.00695702776781694,0.0169638511605166,0.999831899630354,-0.999950764541651,0.00695702776781705,-0.00707589267911382,0.164794743611398,0.150816194525093,0.487752798134477,0
-0.00729910751450522,-0.999821219481813,0.0174428238365505,-0.00717269059775072,0.0174951874379836,0.999821219481813,-0.999947636398567,0.00717269059775083,-0.00729910751450511,0.164735148958664,0.151123284501905,0.487666819691653,0
-0.00752571124161736,-0.999810046594277,0.0179787207402934,-0.007391393900321,0.0180343568047202,0.999810046594277,-0.999944363935573,0.00739139390032111,-0.00752571124161725,0.164674680512972,0.15143487711523,0.487579580609586,0
-0.00775570131345953,-0.999798366681639,0.0185222859783084,-0.00761312502673356,0.0185813430099431,0.999798366681639,-0.999940942968365,0.00761312502673368,-0.00775570131345942,0.164613340280735,0.151750962026062,0.487491083782969,0
-0.0079890752324962,-0.999786165292445,0.0190734990695569,-0.00783787126073125,0.0191361298053466,0.999786165292445,-0.99993736926421,0.00783787126073137,-0.00798907523249609,0.164551130268365,0.152071528895397,0.487401332106498,0
-0.00822583054983466,-0.999773427811543,0.019632339486737,-0.00806561981894842,0.0196987009443078,0.999773427811543,-0.999933638542429,0.00806561981894854,-0.00822583054983455,0.164488052482277,0.152396567384231,0.487310328474866,0
-0.00846596486441201,-0.999760139461732,0.0201987866559694,-0.00829635785126331,0.0202690401810891,0.999760139461732,-0.99992974647488,0.00829635785126342,-0.0084659648644119,0.164424108928884,0.152726067153558,0.487218075782766,0
-0.00870947582218199,-0.999746285305406,0.0207728199564786,-0.0085300724411479,0.0208471312700384,0.999746285305406,-0.99992568868644,0.00853007244114801,-0.00870947582218187,0.164359301614598,0.153060017864374,0.487124576924894,0
-0.00895636111530117,-0.999731850246201,0.0213544187202718,-0.00876675060601598,0.0214329579647861,0.999731850246201,-0.999921460755486,0.0087667506060161,-0.00895636111530106,0.164293632545834,0.153398409177674,0.487029834795943,0
-0.00920661848131498,-0.999716819030628,0.0219435622318138,-0.00900637929756917,0.0220265040174398,0.999716819030628,-0.999917058214374,0.00900637929756929,-0.00920661848131487,0.164227103729003,0.153741230754454,0.486933852290607,0
-0.00946024570234339,-0.99970117624972,0.0225402297276994,-0.00924894540214075,0.0226277531777768,0.99970117624972,-0.999912476549923,0.00924894540214086,-0.00946024570234328,0.16415971717052,0.154088472255709,0.48683663230358,0
-0.00971724060426638,-0.99968490634066,0.0231444003963222,-0.00949443574103782,0.0232366891924341,0.99968490634066,-0.999907711203888,0.00949443574103794,-0.00971724060426627,0.164091474876797,0.154440123342435,0.486738177729556,0
-0.0099776010559091,-0.999667993588418,0.0237560533775416,-0.00974283707088168,0.0238532958040967,0.999667993588418,-0.999902757573445,0.0097428370708818,-0.00997760105590899,0.164022378854249,0.154796173675627,0.486638491463229,0
-0.0102413249682272,-0.999650422127382,0.0243751677623463,-0.00999413608394605,0.0244775567506834,0.999650422127382,-0.999897611011663,0.00999413608394616,-0.0102413249682271,0.163952431109287,0.155156612916279,0.486537576399293,0
-0.0105084102934917,-0.999632175942987,0.0250017225925157,-0.010248319408494,0.0251094557645313,0.999632175942987,-0.999892266827984,0.0102483194084942,-0.0105084102934916,0.163881633648326,0.155521430725389,0.486435435432443,0
-0.010778855024474,-0.99961323887334,0.0256356968602787,-0.0105053736091133,0.025748976571578,0.99961323887334,-0.999886720288701,0.0105053736091134,-0.0107788550244739,0.163809988477778,0.155890616763951,0.486332071457371,0
-0.0110526571936307,-0.999593594610847,0.0262770695079704,-0.0107652851870494,0.0263961028905427,0.999593594610847,-0.999880966617428,0.0107652851870495,-0.0110526571936306,0.163737497604057,0.15626416069296,0.486227487368773,0
-0.0113298148722889,-0.999573226703831,0.0269258194276869,-0.011028040580538,0.0270508184321056,0.999573226703831,-0.999875000995581,0.0110280405805381,-0.0113298148722888,0.163664163033576,0.156642052173411,0.486121686061342,0
-0.0116103261698311,-0.999552118558156,0.0275819254609374,-0.0112936261651353,0.027713106898086,0.999552118558156,-0.999868818562851,0.0112936261651354,-0.011610326169831,0.163589986772748,0.157024280866301,0.486014670429772,0
-0.0118941892328803,-0.999530253438843,0.0282453663982952,-0.0115620282540473,0.0283829519806189,0.999530253438843,-0.999862414417676,0.0115620282540474,-0.0118941892328802,0.163514970827986,0.157410836432625,0.485906443368757,0
-0.0121814022444856,-0.999507614471687,0.0289161209790466,-0.0118332330984575,0.0290603373613313,0.999507614471687,-0.999855783617715,0.0118332330984576,-0.0121814022444855,0.163439117205705,0.157801708533377,0.485797007772992,0
-0.0124719634233075,-0.999484184644868,0.0295941678908383,-0.0121072268878534,0.0297452467105163,0.999484184644868,-0.999848921180322,0.0121072268878535,-0.0124719634233074,0.163362427912316,0.158196886829554,0.485686366537169,0
-0.0127658710228041,-0.999459946810564,0.0302794857693231,-0.0123839957503521,0.0304376636863076,0.999459946810564,-0.999841822083016,0.0123839957503522,-0.012765871022804,0.163284904954233,0.15859636098215,0.485574522555984,0
-0.013063123330417,-0.99943488368656,0.0309720531978047,-0.0126635257530239,0.0311375719338523,0.99943488368656,-0.999834481263952,0.0126635257530241,-0.0130631233304169,0.163206550337869,0.159000120652162,0.485461478724131,0
-0.0133637186667576,-0.999408977857856,0.0316718487068807,-0.012945802902216,0.0318449550844833,0.999408977857856,-0.999826893622397,0.0129458029022161,-0.0133637186667575,0.163127366069638,0.159408155500584,0.485347237936302,0
-0.0136676553847944,-0.999382211778273,0.0323788507740851,-0.0132308131438737,0.0325597967548919,0.999382211778273,-0.999819054019193,0.0132308131438738,-0.0136676553847943,0.163047354155953,0.159820455188411,0.485231803087193,0
-0.0139749318690401,-0.999354567772053,0.0330930378235293,-0.013518542363862,0.0332820805462987,0.999354567772053,-0.999810957277231,0.0135185423638621,-0.01397493186904,0.162966516603226,0.16023700937664,0.485115177071497,0
-0.014285546534739,-0.999326028035464,0.0338143882255426,-0.0138089763882856,0.0340117900436257,0.999326028035464,-0.999802598181917,0.0138089763882857,-0.0142855465347389,0.162884855417872,0.160657807726266,0.484997362783908,0
-0.014599497827056,-0.999296574638397,0.0345428802963119,-0.0141021009838075,0.0347489088146669,0.999296574638397,-0.999793971481645,0.0141021009838076,-0.0145994978270559,0.162802372606303,0.161082839898283,0.484878363119121,0
-0.0149167842202648,-0.999266189525964,0.0352784922975204,-0.0143979018579681,0.0354934204092598,0.999266189525964,-0.999785071888261,0.0143979018579682,-0.0149167842202647,0.162719070174933,0.161512095553688,0.484758180971829,0
-0.0152374042169375,-0.999234854520095,0.0360212024359865,-0.0146963646595023,0.0362453083584565,0.999234854520095,-0.99977589407753,0.0146963646595024,-0.0152374042169373,0.162634950130175,0.161945564353476,0.484636819236726,0
-0.0155613563471347,-0.999202551321129,0.0367709888633019,-0.0149974749786563,0.0370045561736951,0.999202551321129,-0.999766432689607,0.0149974749786564,-0.0155613563471346,0.162550014478442,0.162383235958642,0.484514280808507,0
-0.0158886391675963,-0.999169261509406,0.0375278296754691,-0.0153012183475042,0.0377711473459716,0.999169261509406,-0.999756682329498,0.0153012183475044,-0.0158886391675962,0.162464265226147,0.162825100030181,0.484390568581865,0
-0.0162192512609329,-0.999134966546859,0.03829170291254,-0.0156075802402634,0.0385450653450118,0.999134966546859,-0.999746637567528,0.0156075802402635,-0.0162192512609328,0.162377704379704,0.163271146229089,0.484265685451494,0
-0.0165531912348177,-0.9990996477786,0.0390625865582525,-0.0159165460736093,0.0393262936184442,0.9990996477786,-0.999736292939808,0.0159165460736094,-0.0165531912348176,0.162290333945525,0.163721364216361,0.484139634312089,0
-0.0168904577211801,-0.999063286434507,0.0398404585396695,-0.0162281012069905,0.040114815590973,0.999063286434507,-0.999725642948697,0.0162281012069906,-0.01689045772118,0.162202155930024,0.164175743652993,0.484012418058344,0
-0.017231049375399,-0.999025863630807,0.0406252967268163,-0.0165422309429424,0.0409106146635523,0.999025863630807,-0.999714682063264,0.0165422309429425,-0.0172310493753989,0.162113172339615,0.16463427419998,0.483884039584951,0
-0.0175749648754978,-0.998987360371661,0.0414170789323189,-0.0168589205274011,0.0417136742125611,0.998987360371661,-0.999703404719758,0.0168589205274012,-0.0175749648754977,0.16202338518071,0.165096945518318,0.483754501786607,0
-0.0179222029213402,-0.998947757550741,0.0422157829110433,-0.0171781551500167,0.0425239775889789,0.998947757550741,-0.999691805322064,0.0171781551500168,-0.0179222029213401,0.161932796459723,0.165563747269001,0.483623807558003,0
-0.0182727622338263,-0.998907035952812,0.0430213863597345,-0.0174999199444665,0.0433415081175627,0.998907035952812,-0.999679878242172,0.0174999199444666,-0.0182727622338262,0.161841408183066,0.166034669113025,0.483491959793835,0
-0.0186266415540907,-0.998865176255308,0.0438338669166566,-0.0178241999887676,0.0441662490960252,0.998865176255308,-0.999667617820631,0.0178241999887678,-0.0186266415540906,0.161749222357154,0.166509700711386,0.483358961388797,0
-0.018983839642701,-0.998822159029909,0.0446532021612337,-0.01815098030559,0.0449981837942141,0.998822159029909,-0.99965501836702,0.0181509803055901,-0.0189838396427009,0.161656240988398,0.166988831725078,0.483224815237582,0
-0.0193443552788576,-0.99877796474411,0.0454793696136916,-0.0184802458625686,0.0458372954532927,0.99877796474411,-0.999642074160399,0.0184802458625687,-0.0193443552788575,0.161562466083214,0.167472051815098,0.483089524234885,0
-0.0197081872595941,-0.998732573762799,0.0463123467347003,-0.0188119815726157,0.0466835672849226,0.998732573762799,-0.999628779449778,0.0188119815726159,-0.019708187259594,0.161467899648013,0.167959350642441,0.482953091275399,0
-0.0200753343989801,-0.998685966349825,0.0471521109250181,-0.019146172294234,0.047536982470447,0.998685966349825,-0.999615128454571,0.0191461722942341,-0.02007533439898,0.161372543689209,0.168450717868102,0.482815519253819,0
-0.0204457955273238,-0.998638122669564,0.0479986395251362,-0.019482802831828,0.0483975241600767,0.998638122669564,-0.999601115365059,0.0194828028318282,-0.0204457955273237,0.161276400213215,0.168946143153076,0.482676811064838,0
-0.0208195694903766,-0.998589022788489,0.0488519098149255,-0.0198218579360175,0.0492651754720774,0.998589022788489,-0.999586734342848,0.0198218579360176,-0.0208195694903765,0.161179471226445,0.169445616158359,0.482536969603151,0
-0.0211966551485389,-0.998538646676736,0.0497118990132839,-0.0201633223039491,0.0501399194919585,0.998538646676736,-0.999571979521325,0.0201633223039492,-0.0211966551485388,0.161081758735311,0.169949126544946,0.482395997763451,0
-0.021577051376067,-0.998486974209664,0.0505785842777859,-0.02050718057961,0.0510217392716652,0.998486974209664,-0.999556845006121,0.0205071805796101,-0.0215770513760669,0.160983264746228,0.170456663973832,0.482253898440434,0
-0.0219607570602818,-0.99843398516942,0.0514519427043331,-0.0208534173541398,0.0519106178287713,0.99843398516942,-0.999541324875562,0.0208534173541399,-0.0219607570602817,0.160883991265607,0.170968218106014,0.482110674528791,0
-0.0223477711007781,-0.998379659246499,0.0523319513268074,-0.0212020171661447,0.0528065381456749,0.998379659246499,-0.999525413181133,0.0212020171661448,-0.022347771100778,0.160783940299863,0.171483778602486,0.481966328923219,0
-0.0227380924086362,-0.998323976041303,0.0532185871167251,-0.0215529645020102,0.0537094831687963,0.998323976041303,-0.999509103947929,0.0215529645020103,-0.022738092408636,0.160683113855408,0.172003335124244,0.481820864518409,0
-0.0231317199056341,-0.998266915065696,0.0541118269828932,-0.0219062437962151,0.0546194358077788,0.998266915065696,-0.999492391175114,0.0219062437962152,-0.023131719905634,0.160581513938656,0.172526877332282,0.481674284209058,0
-0.0235286525234624,-0.998208455744561,0.0550116477710685,-0.0222618394316459,0.0555363789346906,0.998208455744561,-0.999475268836378,0.022261839431646,-0.0235286525234623,0.16047914255602,0.173054394887598,0.481526590889858,0
-0.0239288892029395,-0.998148577417358,0.0559180262636173,-0.022619735739911,0.0564602953832313,0.998148577417358,-0.999457730880386,0.0226197357399111,-0.0239288892029393,0.160376001713913,0.173585877451185,0.481377787455504,0
-0.0243324288932286,-0.998087259339667,0.0568309391791791,-0.0229799170016561,0.0573911679479393,0.998087259339667,-0.99943977123124,0.0229799170016562,-0.0243324288932285,0.160272093418748,0.174121314684039,0.48122787680069,0
-0.0247392705510577,-0.99802448068475,0.0577503631723311,-0.0233423674468794,0.0583289793834027,0.99802448068475,-0.999421383788928,0.0233423674468796,-0.0247392705510576,0.160167419676939,0.174660696247156,0.481076861820109,0
-0.0251494131399387,-0.997960220545092,0.0586762748332564,-0.0237070712552482,0.0592737124034739,0.997960220545092,-0.999402562429782,0.0237070712552484,-0.0251494131399386,0.160061982494899,0.175204011801531,0.480924745408456,0
-0.0255628556293911,-0.997894457933952,0.0596086506874139,-0.0240740125564152,0.0602253496804857,0.997894457933952,-0.999383301006928,0.0240740125564153,-0.0255628556293909,0.159955783879041,0.175751251008159,0.480771530460425,0
-0.0259795969941647,-0.997827171786911,0.0605474671952109,-0.024443175430336,0.0611838738444712,0.997827171786911,-0.99936359335074,0.0244431754303361,-0.0259795969941646,0.159848825835779,0.176302403528036,0.48061721987071,0
-0.0263996362134665,-0.997758340963412,0.0614927007516792,-0.0248145439075871,0.0621492674823876,0.997758340963412,-0.999343433269292,0.0248145439075873,-0.0263996362134664,0.159741110371525,0.176857459022157,0.480461816534004,0
-0.0268229722701872,-0.997687944248309,0.0624443276861527,-0.0251881019696851,0.0631215131373416,0.997687944248309,-0.999322814548811,0.0251881019696853,-0.0268229722701871,0.159632639492692,0.177416407151517,0.480305323345002,0
-0.0272496041501315,-0.997615960353404,0.0634023242619494,-0.0255638335494055,0.0641005933078199,0.997615960353404,-0.999301730954129,0.0255638335494056,-0.0272496041501314,0.159523415205695,0.177979237577113,0.480147743198398,0
-0.0276795308412486,-0.997542367918988,0.0643666666760551,-0.0259417225311035,0.0650864904469219,0.997542367918988,-0.999280176229133,0.0259417225311036,-0.0276795308412485,0.159413439516946,0.178545939959939,0.479989078988886,0
-0.028112751332866,-0.997467145515384,0.0653373310588113,-0.026321752751035,0.0660791869615966,0.997467145515384,-0.999258144097215,0.0263217527510351,-0.0281127513328659,0.159302714432858,0.17911650396099,0.47982933361116,0
-0.0285492646149241,-0.997390271644477,0.0663142934736052,-0.0267039079976789,0.0670786652118831,0.997390271644477,-0.999235628261722,0.026703907997679,-0.028549264614924,0.159191241959845,0.179690919241262,0.479668509959913,0
-0.0289890696772137,-0.997311724741256,0.067297529916564,-0.0270881720120597,0.0680849075101541,0.997311724741256,-0.99921262240641,0.0270881720120598,-0.0289890696772136,0.15907902410432,0.180269175461751,0.47950661092984,0
-0.0294321655086148,-0.997231483175344,0.0682870163162521,-0.0274745284880717,0.0690978961203646,0.997231483175344,-0.999189120195887,0.0274745284880719,-0.0294321655086147,0.158966062872696,0.180851262283452,0.479343639415635,0
-0.0298785510963381,-0.997149525252534,0.0692827285333714,-0.027862961072804,0.070117613257303,0.997149525252534,-0.999165115276068,0.0278629610728041,-0.0298785510963379,0.158852360271386,0.181437169367359,0.479179598311992,0
-0.0303282254251679,-0.997065829216317,0.070284642360466,-0.0282534533668661,0.0711440410858473,0.997065829216317,-0.999140601274619,0.0282534533668662,-0.0303282254251678,0.158737918306803,0.18202688637447,0.479014490513605,0
-0.030781187476708,-0.996980373249412,0.0712927335216299,-0.0286459889247151,0.0721771617202247,0.996980373249412,-0.999115571801405,0.0286459889247152,-0.0307811874767079,0.158622738985362,0.182620402965778,0.478848318915168,0
-0.0312374362286287,-0.996893135475298,0.0723069776722186,-0.0290405512549842,0.0732169572232758,0.996893135475298,-0.999090020448943,0.0290405512549843,-0.0312374362286286,0.158506824313474,0.183217708802279,0.478681086411375,0
-0.0316969706539168,-0.996804093959736,0.0733273503985645,-0.0294371238208113,0.0742634096057227,0.996804093959736,-0.999063940792842,0.0294371238208114,-0.0316969706539167,0.158390176297554,0.18381879354497,0.478512795896919,0
-0.0321597897201278,-0.996713226712297,0.0743538272176963,-0.0298356900401699,0.0753165008254418,0.996713226712297,-0.999037326392255,0.02983569004017,-0.0321597897201277,0.158272796944014,0.184423646854844,0.478343450266496,0
-0.0326258923886398,-0.996620511687883,0.0753863835770621,-0.0302362332862008,0.0763762127867406,0.996620511687883,-0.999010170790322,0.0302362332862009,-0.0326258923886397,0.158154688259268,0.185032258392897,0.478173052414798,0
-0.0330952776139102,-0.996525926788252,0.076424994854257,-0.0306387368875447,0.0774425273396394,0.996525926788252,-0.998982467514618,0.0306387368875448,-0.0330952776139101,0.158035852249728,0.185644617820126,0.478001605236521,0
-0.0335679443427346,-0.996429449863539,0.0774696363567544,-0.0310431841286765,0.0785154262791573,0.996429449863539,-0.998954210077597,0.0310431841286766,-0.0335679443427345,0.157916290921809,0.186260714797525,0.477829111626357,0
-0.0340438915135082,-0.996331058713772,0.0785202833216419,-0.031449558250241,0.0795948913446029,0.996331058713772,-0.998925391977039,0.0314495582502411,-0.0340438915135081,0.157796006281923,0.186880538986089,0.477655574479002,0
-0.0345231180554894,-0.996230731090391,0.0795769109153613,-0.0318578424493893,0.08068090421887,0.996230731090391,-0.998896006696491,0.0318578424493894,-0.0345231180554893,0.157675000336483,0.187504080046814,0.477480996689149,0
-0.0350056228880655,-0.996128444697767,0.0806394942334525,-0.0322680198801174,0.081773446527738,0.996128444697767,-0.998866047705715,0.0322680198801176,-0.0350056228880654,0.157553275091904,0.188131327640696,0.477305381151491,0
-0.0354914049200221,-0.996024177194711,0.0817080083003036,-0.0326800736536059,0.0828724998391766,0.996024177194711,-0.998835508461127,0.032680073653606,-0.035491404920022,0.157430832554597,0.188762271428729,0.477128730760724,0
-0.0359804630488137,-0.995917906195993,0.0827824280689028,-0.0330939868385604,0.083978045662657,0.995917906195993,-0.998804382406246,0.0330939868385605,-0.0359804630488136,0.157307674730976,0.189396901071909,0.47695104841154,0
-0.0364727961598373,-0.995809609273849,0.0838627284205978,-0.0335097424615547,0.0850900654484662,0.995809609273849,-0.998772662972132,0.0335097424615548,-0.0364727961598372,0.157183803627455,0.190035206231232,0.476772336998635,0
-0.0369684031257089,-0.995699263959495,0.0849488841648577,-0.0339273235073745,0.0862085405870282,0.995699263959495,-0.99874034357783,0.0339273235073747,-0.0369684031257088,0.157059221250447,0.190677176567693,0.476592599416702,0
-0.0374672828055421,-0.995586847744633,0.0860408700390409,-0.0343467129193631,0.0873334524082292,0.995586847744633,-0.998707417630812,0.0343467129193632,-0.037467282805542,0.156933929606364,0.191322801742287,0.476411838560435,0
-0.03796943404423,-0.995472338082956,0.0871386607081673,-0.0347678935997682,0.0884647821807493,0.995472338082956,-0.998673878527418,0.0347678935997684,-0.0379694340442299,0.156807930701621,0.191972071416009,0.476230057324528,0
-0.0384748556717289,-0.99535571239166,0.0882422307646957,-0.0351908484100912,0.0896025111113977,0.99535571239166,-0.998639719653298,0.0351908484100913,-0.0384748556717288,0.15668122654263,0.192624975249856,0.476047258603675,0
-0.0389835465023454,-0.995236948052942,0.0893515547283063,-0.0356155601714366,0.0907466203444559,0.995236948052942,-0.99860493438385,0.0356155601714367,-0.0389835465023452,0.156553819135804,0.193281502904822,0.47586344529257,0
-0.0394955053340261,-0.995116022415503,0.0904666070456875,-0.0360420116648648,0.0918970909610237,0.995116022415503,-0.998569516084664,0.0360420116648649,-0.039495505334026,0.156425710487557,0.193941644041903,0.475678620285908,0
-0.0400107309476502,-0.994992912796051,0.091587362090329,-0.0364701856317453,0.0930539039783733,0.994992912796051,-0.998533458111956,0.0364701856317454,-0.0400107309476501,0.156296902604302,0.194605388322094,0.475492786478382,0
-0.0405292221063242,-0.9948675964808,0.0927137941623193,-0.0369000647741119,0.0942170403493073,0.9948675964808,-0.998496753813012,0.036900064774112,-0.0405292221063241,0.156167397492452,0.19527272540639,0.475305946764685,0
-0.0410509775546807,-0.994740050726965,0.0938458774881485,-0.0373316317550201,0.0953864809615232,0.994740050726965,-0.998459396526625,0.0373316317550202,-0.0410509775546805,0.156037197158421,0.195943644955787,0.475118104039513,0
-0.0415759960181786,-0.99461025276426,0.0949835862205171,-0.0377648691989056,0.0965622066369838,0.99461025276426,-0.998421379583533,0.0377648691989057,-0.0415759960181785,0.155906303608621,0.196618136631281,0.47492926119756,0
-0.0421042762024078,-0.994478179796394,0.0961268944381494,-0.0381997596919447,0.0977441981312928,0.994478179796394,-0.998382696306857,0.0381997596919449,-0.0421042762024077,0.155774718849467,0.197296190093866,0.474739421133518,0
-0.0426358167923955,-0.994343809002557,0.097275776145613,-0.0386362857824173,0.0989324361330777,0.994343809002557,-0.998343340012535,0.0386362857824174,-0.0426358167923954,0.15564244488737,0.197977795004538,0.474548586742083,0
-0.0431706164519162,-0.99420711753892,0.0984302052731435,-0.03907442998107,0.100126901263377,0.99420711753892,-0.998303304009766,0.0390744299810701,-0.0431706164519161,0.155509483728745,0.198662941024293,0.474356760917948,0
-0.0437086738228046,-0.994068082540118,0.0995901556764751,-0.0395141747614832,0.101327574075036,0.994068082540118,-0.998262581601439,0.0395141747614833,-0.0437086738228045,0.155375837380004,0.199351617814125,0.474163946555807,0
-0.0442499875242715,-0.99392668112074,0.100755601136676,-0.0399555025604382,0.102534435052103,0.99392668112074,-0.998221166084573,0.0399555025604383,-0.0442499875242714,0.155241507847561,0.200043815035031,0.473970146550354,0
-0.0447945561522225,-0.993782890376814,0.101926515359993,-0.0403983957782874,0.103747464609244,0.993782890376814,-0.998179050750749,0.0403983957782875,-0.0447945561522224,0.155106497137829,0.200739522348005,0.473775363796284,0
-0.0453423782785806,-0.993636687387293,0.103102871977694,-0.0408428367793256,0.104966643091146,0.993636687387293,-0.998136228886548,0.0408428367793257,-0.0453423782785805,0.154970807257221,0.201438729414043,0.47357960118829,0
-0.0458934524506109,-0.993488049215537,0.104284644545927,-0.0412888078921639,0.106191950771943,0.993488049215537,-0.998092693773984,0.041288807892164,-0.0458934524506108,0.15483444021215,0.202141425894141,0.473382861621067,0
-0.0464477771902494,-0.993336952910792,0.105471806545576,-0.0417362914101052,0.10742336785464,0.993336952910792,-0.998048438690936,0.0417362914101053,-0.0464477771902493,0.15469739800903,0.202847601449293,0.473185147989307,0
-0.0470053509934344,-0.993183375509673,0.10666433138213,-0.0421852695915215,0.108660874470544,0.993183375509673,-0.998003456911585,0.0421852695915216,-0.0470053509934343,0.154559682654275,0.203557245740495,0.472986463187707,0
-0.0475661723294417,-0.993027294037636,0.107862192385549,-0.0426357246602337,0.109904450678706,0.993027294037636,-0.997957741706843,0.0426357246602339,-0.0475661723294415,0.154421296154296,0.204270348428743,0.472786810110958,0
-0.048130239640222,-0.992868685510458,0.10906536281015,-0.0430876388058931,0.111154076465362,0.992868685510458,-0.997911286344787,0.0430876388058932,-0.0481302396402219,0.154282240515507,0.204986899175031,0.472586191653756,0
-0.0486975513397434,-0.992707526935711,0.11027381583448,-0.0435409941843646,0.11240973174339,0.992707526935711,-0.99786408409109,0.0435409941843647,-0.0486975513397433,0.154142517744322,0.205706887640356,0.472384610710794,0
-0.0492681058133352,-0.992543795314231,0.111487524561218,-0.0439957729181128,0.113671396351764,0.992543795314231,-0.997816128209453,0.043995772918113,-0.0492681058133351,0.154002129847154,0.206430303485712,0.472182070176767,0
-0.0498419014170367,-0.992377467641588,0.112706462017061,-0.0444519570965896,0.114939050055026,0.992377467641588,-0.997767411962035,0.0444519570965897,-0.0498419014170366,0.153861078830416,0.207157136372095,0.471978572946368,0
-0.0504189364769484,-0.992208520909558,0.113930601152635,-0.0449095287766236,0.116212672542752,0.992208520909558,-0.997717928609883,0.0449095287766237,-0.0504189364769483,0.153719366700521,0.207887375960501,0.471774121914291,0
-0.0509992092885873,-0.992036932107586,0.115159914842397,-0.0453684699828122,0.117492243429037,0.992036932107586,-0.997667671413361,0.0453684699828123,-0.0509992092885872,0.153576995463882,0.208621011911924,0.471568719975231,0
